<DTYYYYMMDD>,<TICKER>,<NAME>,<CLOSE>,<HIGH>,<LOW>,<OPEN>,<VOL>
20140122,399001,深证成指,7820.453,7821.075,7597.441,7612.189,138383872
20140122,000001,平安银行,11.79,11.86,11.35,11.36,61908449
20140122,000002,万科A,7.62,7.68,7.22,7.24,114057648
20140122,000004,国农科技,11.92,11.97,11.65,11.68,1872058
20140122,000005,世纪星源,2.37,2.38,2.3,2.31,4823421
20140122,000006,深振业A,4.55,4.59,4.29,4.31,20135255
20140122,000007,零七股份,13.79,13.89,13.58,13.66,1983450
20140122,000008,宝利来,8.77,8.87,8.6,8.68,719805
20140122,000009,中国宝安,8.92,8.92,8.67,8.67,10470351
20140122,000010,深华新,7.05,7.15,6.78,6.8,5958053
20140122,000011,深物业A,7.24,7.28,6.91,6.91,4010787
20140122,000012,南玻A,7.93,7.95,7.76,7.79,24395511
20140122,000014,沙河股份,9.36,9.39,9.04,9.09,2839795
20140122,000016,深康佳A,3.81,3.84,3.72,3.75,11486117
20140122,000017,*ST中华A,5.84,6.05,5.75,6,7915943
20140122,000018,*ST中冠A,9.07,9.07,8.9,9.01,496304
20140122,000019,深深宝A,7.32,7.33,7.15,7.17,1057957
20140122,000020,深华发A,6.39,6.4,6.2,6.25,1289816
20140122,000021,长城开发,6.16,6.28,6.09,6.1,15616060
20140122,000022,深赤湾A,15.05,15.13,14.7,14.7,2362943
20140122,000023,深天地A,8.02,8.06,7.91,7.91,1242679
20140122,000024,招商地产,18.92,19.03,17.36,17.44,26523869
20140122,000025,特力A,8.56,8.58,8.21,8.26,1583879
20140122,000026,飞亚达A,6.89,6.9,6.69,6.71,1918983
20140122,000027,深圳能源,5.27,5.28,5.17,5.2,6241937
20140122,000028,国药一致,51.26,51.98,49.7,50.13,1465461
20140122,000029,深深房A,3.43,3.46,3.33,3.33,4039364
20140122,000030,富奥股份,5.79,5.81,5.64,5.73,2463746
20140122,000031,中粮地产,3.45,3.46,3.33,3.33,4557538
20140122,000032,深桑达A,8.27,8.27,7.69,8.17,2173595
20140122,000033,新都酒店,3.87,3.96,3.79,3.81,3601877
20140122,000034,深信泰丰,4.05,4.12,3.92,3.97,3634040
20140122,000035,*ST科健,10.4,10.41,10.1,10.19,1950349
20140122,000036,华联控股,2.76,2.77,2.67,2.68,4566278
20140122,000038,深大通,12.57,12.64,12,12.2,925712
20140122,000039,中集集团,16.9,17.2,16.76,16.95,23971265
20140122,000040,宝安地产,4.27,4.29,4.16,4.2,3377714
20140122,000042,深长城,24.43,24.77,24,24.01,351590
20140122,000043,中航地产,5.71,5.72,5.43,5.44,5856015
20140122,000045,深纺织A,7.77,7.81,7.6,7.66,1075486
20140122,000046,泛海建设,4.41,4.48,4.3,4.33,6175153
20140122,000048,康达尔,13.02,13.19,12.48,12.48,2495923
20140122,000049,德赛电池,69.11,70.09,66.55,67.99,1463454
20140122,000050,深天马A,12.7,12.83,12.44,12.56,13500288
20140122,000055,方大集团,5.77,5.8,5.66,5.66,2615542
20140122,000056,*ST国商,19.5,20.85,19.49,20.79,4009828
20140122,000058,深赛格,5.11,5.13,4.95,4.97,12879268
20140122,000059,辽通化工,4.41,4.44,4.3,4.32,5992743
20140122,000060,中金岭南,5.68,5.69,5.53,5.53,7065412
20140122,000061,农产品,8.14,8.17,7.77,7.89,18055195
20140122,000062,深圳华强,12.9,13.39,12.71,12.75,32076115
20140122,000063,中兴通讯,13.21,13.24,12.85,12.85,38205118
20140122,000065,北方国际,13.75,13.85,13.4,13.4,2153797
20140122,000066,长城电脑,3.96,4.15,3.82,3.85,16121112
20140122,000068,华控赛格,5.54,5.6,5.48,5.55,3018012
20140122,000069,华侨城A,5.03,5.03,4.7,4.73,51466886
20140122,000070,特发信息,10.7,10.7,10.1,10.15,4349095
20140122,000078,海王生物,7.48,7.51,7.38,7.41,11108513
20140122,000088,盐田港,5.83,5.87,5.66,5.71,20568948
20140122,000089,深圳机场,4.09,4.1,4.01,4.03,3108811
20140122,000090,深天健,6.62,6.69,6.43,6.5,4970479
20140122,000096,广聚能源,5.62,5.68,5.38,5.4,10399942
20140122,000099,中信海直,8.03,8.03,7.8,7.8,10429350
20140122,000100,TCL集团,2.32,2.34,2.28,2.28,173592068
20140122,000150,宜华地产,5.09,5.1,4.93,4.98,4168719
20140122,000151,中成股份,7.08,7.09,6.92,6.98,1193988
20140122,000155,川化股份,3.27,3.28,3.2,3.2,2501045
20140122,000156,华数传媒,23.1,23.43,22.01,22.12,5651037
20140122,000157,中联重科,5.18,5.19,5.04,5.04,31044747
20140122,000158,常山股份,4.11,4.11,4.01,4.03,3683718
20140122,000159,国际实业,6.88,6.9,6.67,6.67,5152023
20140122,000301,东方市场,3.09,3.09,3.04,3.06,3786328
20140122,000333,美的集团,47.76,47.97,46.85,47.05,4317868
20140122,000338,潍柴动力,18.19,18.24,17.81,17.89,5122808
20140122,000400,许继电气,34.41,34.41,32.92,32.92,5788345
20140122,000401,冀东水泥,7.54,7.57,7.35,7.41,11571005
20140122,000402,金融街,4.97,4.99,4.81,4.83,21064699
20140122,000403,*ST生化,15.58,15.74,15.05,15.05,2865258
20140122,000404,华意压缩,6.76,6.89,6.3,6.33,20546020
20140122,000408,金谷源,6.22,6.28,6.11,6.14,5780892
20140122,000409,山东地矿,12.97,13.1,12.81,12.9,1079669
20140122,000410,沈阳机床,5.62,5.63,5.49,5.5,3691853
20140122,000411,英特集团,9.92,10.05,9.75,9.78,811958
20140122,000413,东旭光电,19.96,20.66,19.82,19.9,6719998
20140122,000415,渤海租赁,8.5,8.56,8.3,8.45,24104629
20140122,000417,合肥百货,5.7,5.76,5.5,5.53,6726746
20140122,000418,小天鹅A,9.06,9.15,8.86,8.9,2577089
20140122,000419,通程控股,5.15,5.17,4.98,4.98,5317494
20140122,000420,吉林化纤,2.93,2.95,2.87,2.87,1769973
20140122,000421,南京中北,4.33,4.34,4.24,4.29,936084
20140122,000422,湖北宜化,5.97,6.01,5.83,5.86,10782405
20140122,000423,东阿阿胶,37.28,37.28,36.8,36.98,5208706
20140122,000425,徐工机械,7.06,7.07,6.87,6.88,7270191
20140122,000426,兴业矿业,7.08,7.15,6.88,6.94,2981288
20140122,000428,华天酒店,6.49,6.65,6.42,6.45,10779080
20140122,000429,粤高速A,2.76,2.77,2.68,2.69,1775921
20140122,000430,张家界,6.66,6.7,6.52,6.52,2032855
20140122,000488,晨鸣纸业,4.53,4.55,4.46,4.48,9707630
20140122,000498,山东路桥,4.21,4.3,4.07,4.07,6565932
20140122,000501,鄂武商A,11.69,11.72,11.33,11.36,2046368
20140122,000502,绿景控股,6,6,5.72,5.72,1420084
20140122,000503,海虹控股,21.12,21.19,19.9,20.08,14583503
20140122,000504,*ST传媒,6.11,6.23,6,6.05,2863100
20140122,000506,中润资源,4.61,4.66,4.4,4.43,24267433
20140122,000507,珠海港,4.92,4.95,4.78,4.81,7764133
20140122,000509,*ST华塑,3.29,3.33,3.22,3.24,24132183
20140122,000510,金路集团,5.08,5.11,5.01,5.03,7332090
20140122,000511,烯碳新材,3.56,3.57,3.42,3.45,17296172
20140122,000513,丽珠集团,41.4,41.59,39.65,40.45,2977701
20140122,000514,渝开发,4.08,4.08,3.9,3.95,6490745
20140122,000516,开元投资,5.6,5.69,5.4,5.44,14959922
20140122,000517,荣安地产,4.67,4.68,4.5,4.5,1686300
20140122,000518,四环生物,3.22,3.23,3.17,3.19,8247781
20140122,000519,江南红箭,12.91,12.98,12.51,12.56,3417603
20140122,000521,美菱电器,5.21,5.36,5,5.05,41294900
20140122,000523,广州浪奇,9,9.05,8.8,8.8,6256642
20140122,000524,东方宾馆,5.84,5.86,5.7,5.7,972370
20140122,000525,红太阳,14.59,14.9,14.04,14.05,6876706
20140122,000526,银润投资,18.41,18.57,17.63,17.77,1281214
20140122,000528,柳工,5.95,5.97,5.77,5.8,14015856
20140122,000529,广弘控股,6.74,6.75,6.51,6.51,3685974
20140122,000530,大冷股份,10.04,10.09,9.57,9.57,8400295
20140122,000531,穗恒运A,10.69,10.72,10.31,10.38,1424489
20140122,000532,力合股份,12.44,12.48,11.9,11.9,1804099
20140122,000533,万家乐,4.05,4.07,4,4.02,5011166
20140122,000534,万泽股份,4.17,4.19,4.05,4.06,1838347
20140122,000536,华映科技,23.72,23.8,23.31,23.49,1054350
20140122,000537,广宇发展,5.46,5.48,5.14,5.16,15556841
20140122,000538,云南白药,94.63,95.32,92.88,93.5,2269898
20140122,000539,粤电力A,4.65,4.65,4.55,4.56,5386830
20140122,000540,中天城投,5.24,5.27,4.94,4.95,25146500
20140122,000541,佛山照明,9.67,9.92,9.21,9.31,26942065
20140122,000543,皖能电力,6.95,7.01,6.84,6.84,6483677
20140122,000544,中原环保,10.38,10.38,10.16,10.19,2293636
20140122,000545,金浦钛业,9.25,9.3,8.99,9.04,2709630
20140122,000546,光华控股,5.68,5.68,5.53,5.53,1664111
20140122,000547,闽福发A,3.86,3.89,3.75,3.76,6711022
20140122,000548,湖南投资,4.64,4.67,4.46,4.47,8726925
20140122,000550,江铃汽车,26.13,26.3,25.73,25.73,606498
20140122,000551,创元科技,9.28,9.38,9.01,9.1,11375197
20140122,000552,靖远煤电,9.39,9.41,9.13,9.18,4322289
20140122,000553,沙隆达A,11.2,11.36,10.95,11.12,8995804
20140122,000554,泰山石油,4.9,4.92,4.66,4.74,8399377
20140122,000555,*ST太光,25.32,25.55,24.7,24.9,829669
20140122,000558,莱茵置业,3.59,3.64,3.47,3.47,2799765
20140122,000559,万向钱潮,5.33,5.36,5.25,5.26,8126166
20140122,000560,昆百大A,8,8,7.5,7.57,2866229
20140122,000561,烽火电子,5.7,5.75,5.56,5.56,5374903
20140122,000563,陕国投A,7.35,7.4,7.1,7.15,8807925
20140122,000564,西安民生,4.48,4.49,4.4,4.4,1954526
20140122,000565,渝三峡A,7.27,7.27,7.11,7.15,945307
20140122,000566,海南海药,10.59,10.72,10.1,10.22,5413421
20140122,000567,海德股份,7.79,7.83,7.55,7.57,1185531
20140122,000568,泸州老窖,18.2,18.28,17.83,17.9,24589875
20140122,000570,苏常柴A,6.29,6.3,6.18,6.18,3432726
20140122,000571,新大洲A,3.71,3.73,3.66,3.68,2921517
20140122,000572,海马汽车,3.54,3.57,3.45,3.47,8770801
20140122,000573,粤宏远A,4.99,5.01,4.82,4.84,3402757
20140122,000576,广东甘化,9.14,9.16,9.01,9.07,1672513
20140122,000581,威孚高科,28.64,29.08,26.45,27.61,14526438
20140122,000582,北海港,10.27,10.32,9.95,10.12,1301807
20140122,000584,友利控股,10.69,10.75,10.53,10.64,9252206
20140122,000585,东北电气,2.23,2.24,2.19,2.19,3799579
20140122,000586,汇源通信,5.84,5.88,5.75,5.78,5577863
20140122,000589,黔轮胎A,4.96,4.97,4.83,4.83,3481728
20140122,000590,紫光古汉,14.09,14.18,13.81,13.84,2538354
20140122,000591,桐君阁,7.98,8.03,7.86,7.9,1850159
20140122,000592,中福实业,7.22,7.26,6.98,7,13331164
20140122,000593,大通燃气,6.05,6.09,5.91,5.92,2323376
20140122,000594,*ST国恒,2.05,2.16,2.04,2.16,47757556
20140122,000595,西北轴承,5.08,5.11,4.93,4.93,1356727
20140122,000596,古井贡酒,24.16,24.63,22.66,22.9,10451579
20140122,000597,东北制药,6.75,6.78,6.62,6.62,3375549
20140122,000598,兴蓉投资,5.06,5.07,4.88,4.88,52129006
20140122,000599,青岛双星,4.09,4.12,4.04,4.04,2705182
20140122,000601,韶能股份,5.23,5.25,5.09,5.15,26312833
20140122,000603,盛达矿业,12.07,12.1,11.7,11.75,1193063
20140122,000605,四环药业,15.01,15.01,14.73,14.73,398817
20140122,000606,青海明胶,5.67,5.79,5.38,5.41,18766986
20140122,000608,阳光股份,5.08,5.19,5,5.04,17874986
20140122,000609,绵世股份,7.04,7.08,6.75,6.88,1596419
20140122,000610,西安旅游,6.36,6.37,6.2,6.2,1846845
20140122,000611,四海股份,4.44,4.47,4.37,4.42,4994113
20140122,000612,焦作万方,5.53,5.54,5.4,5.43,4244004
20140122,000613,大东海A,5.08,5.27,4.93,5,9021539
20140122,000615,湖北金环,6.67,6.99,6.53,6.6,1953618
20140122,000616,亿城股份,3.09,3.12,2.88,2.89,50303106
20140122,000617,*ST济柴,7.02,7.03,6.88,7,1245980
20140122,000619,海螺型材,6.87,6.88,6.68,6.71,2748517
20140122,000620,新华联,8.73,9,8.31,8.41,82801603
20140122,000622,恒立实业,3.77,3.8,3.66,3.7,2629632
20140122,000623,吉林敖东,17.25,17.27,16.71,16.75,9439774
20140122,000625,长安汽车,11.03,11.07,10.53,10.6,24223458
20140122,000626,如意集团,7.25,7.29,7.09,7.15,1358113
20140122,000627,天茂集团,2.41,2.41,2.34,2.35,5417027
20140122,000628,高新发展,6.08,6.18,5.79,5.79,3283566
20140122,000629,攀钢钒钛,1.96,1.97,1.92,1.92,30564755
20140122,000630,铜陵有色,9.34,9.38,9.19,9.21,7629658
20140122,000631,顺发恒业,4.28,4.28,4.06,4.07,3328384
20140122,000632,三木集团,4.25,4.26,4.13,4.13,3286515
20140122,000633,合金投资,4.89,4.93,4.79,4.81,1619343
20140122,000635,英力特,8.73,8.77,8.53,8.58,2971826
20140122,000636,风华高科,5.4,5.43,5.26,5.27,4588313
20140122,000637,茂化实华,4.65,4.66,4.55,4.6,4894258
20140122,000638,万方发展,4.4,4.42,4.31,4.37,4797505
20140122,000639,西王食品,15.86,15.9,15.34,15.34,2646108
20140122,000650,仁和药业,5.1,5.12,4.97,4.97,5381662
20140122,000651,格力电器,30.4,30.49,29.4,29.75,20251911
20140122,000652,泰达股份,4.24,4.26,4.14,4.15,7586310
20140122,000655,金岭矿业,6.88,6.9,6.73,6.74,2323209
20140122,000656,金科股份,7.92,7.92,7.18,7.21,16480811
20140122,000657,中钨高新,10.49,10.58,10.24,10.33,633907
20140122,000659,珠海中富,2.51,2.54,2.47,2.49,6499476
20140122,000661,长春高新,123.56,124.7,122,123,689040
20140122,000662,索芙特,5.32,5.37,5.17,5.19,3606718
20140122,000663,永安林业,11.09,11.18,10.63,10.78,6339450
20140122,000665,湖北广电,10.58,10.76,10.32,10.32,3399909
20140122,000667,名流置业,1.75,1.76,1.7,1.71,20847390
20140122,000669,金鸿能源,30.85,31,29.99,30.2,1555461
20140122,000671,阳光城,8.86,9.16,8.28,8.32,17339212
20140122,000672,上峰水泥,4.92,5.02,4.8,4.84,8170247
20140122,000673,当代东方,10.97,11,10.5,10.59,4793787
20140122,000676,*ST思达,3.67,3.69,3.57,3.57,1481163
20140122,000677,恒天海龙,2.92,2.93,2.84,2.85,5893212
20140122,000678,襄阳轴承,4.02,4.02,3.91,3.91,1422138
20140122,000679,大连友谊,5.3,5.31,5.13,5.13,2402636
20140122,000680,山推股份,2.99,3,2.94,2.94,4829558
20140122,000681,远东股份,16.61,17.18,16.35,16.6,12310106
20140122,000682,东方电子,2.73,2.74,2.65,2.66,3387716
20140122,000683,远兴能源,3.76,3.77,3.65,3.66,4830050
20140122,000685,中山公用,11.58,11.61,11.28,11.34,4543089
20140122,000686,东北证券,15.73,15.79,15.33,15.45,13277396
20140122,000687,恒天天鹅,3.15,3.15,3.05,3.06,3383093
20140122,000688,建新矿业,5.76,5.78,5.63,5.66,2653416
20140122,000690,宝新能源,5.1,5.12,5.01,5.04,14337667
20140122,000691,亚太实业,4.89,4.91,4.8,4.84,2430286
20140122,000692,惠天热电,7.21,7.23,7.04,7.11,1738743
20140122,000693,华泽钴镍,11.5,11.98,11.25,11.36,12173299
20140122,000695,滨海能源,7.31,7.34,7.1,7.15,2462871
20140122,000697,炼石有色,10.03,10.18,9.35,9.35,6199493
20140122,000698,沈阳化工,3.68,3.68,3.59,3.6,2516528
20140122,000700,模塑科技,8.72,8.74,8.44,8.46,4199480
20140122,000701,厦门信达,11.24,11.29,11.06,11.08,4352360
20140122,000702,正虹科技,4.51,4.54,4.41,4.41,1766606
20140122,000703,恒逸石化,7.21,7.23,6.78,6.78,7451135
20140122,000705,浙江震元,15.43,15.5,15.02,15.02,3956794
20140122,000707,双环科技,3.7,3.7,3.59,3.6,4268472
20140122,000708,大冶特钢,5.42,5.43,5.3,5.31,1945986
20140122,000709,河北钢铁,1.8,1.81,1.75,1.75,32613404
20140122,000710,天兴仪表,9.35,9.35,9.07,9.35,3785652
20140122,000711,天伦置业,5.52,5.62,5.38,5.39,2537809
20140122,000712,锦龙股份,22.52,22.76,21.8,22.1,2441397
20140122,000713,丰乐种业,8.51,8.55,8.29,8.36,3150925
20140122,000715,中兴商业,12.72,12.78,12.66,12.78,7754819
20140122,000716,南方食品,13.02,13.28,11.8,11.95,7028751
20140122,000717,*ST韶钢,1.75,1.76,1.71,1.72,4794451
20140122,000718,苏宁环球,4.31,4.34,4.1,4.1,16220599
20140122,000719,大地传媒,12.74,12.95,12.07,12.3,18284695
20140122,000720,新能泰山,2.21,2.22,2.16,2.18,5008121
20140122,000721,西安饮食,6.25,6.27,6.15,6.16,1379535
20140122,000722,湖南发展,6.77,6.8,6.59,6.59,2988761
20140122,000723,美锦能源,6.14,6.18,5.97,6.04,3144997
20140122,000725,京东方A,2.1,2.11,2.07,2.07,90402760
20140122,000726,鲁泰A,10.08,10.25,9.94,9.94,5660755
20140122,000727,华东科技,4.95,5.19,4.75,5.19,46274192
20140122,000728,国元证券,9.71,9.77,9.41,9.45,11195683
20140122,000729,燕京啤酒,7.66,7.66,7.46,7.51,9719762
20140122,000731,四川美丰,9.07,9.08,8.75,8.75,10489083
20140122,000732,泰禾集团,9.58,9.66,9.01,9.15,4396614
20140122,000733,振华科技,8.4,8.4,8.11,8.11,4230175
20140122,000735,罗牛山,6.64,6.79,6.38,6.42,23603178
20140122,000736,中房地产,6.4,6.42,6.18,6.18,1026783
20140122,000737,南风化工,4.15,4.15,4.06,4.08,4381236
20140122,000738,中航动控,12.17,12.17,11.83,11.9,2956578
20140122,000739,普洛药业,6.17,6.18,6.04,6.09,6835077
20140122,000748,长城信息,20.7,21.19,20.55,20.63,3554852
20140122,000750,国海证券,10.84,10.85,10.49,10.6,30874168
20140122,000752,西藏发展,10.3,10.34,10.07,10.09,2335572
20140122,000755,山西三维,3.39,3.4,3.28,3.28,2005592
20140122,000756,新华制药,4.89,4.91,4.76,4.81,2155680
20140122,000757,浩物股份,4.38,4.42,4.24,4.25,4469642
20140122,000758,中色股份,10.19,10.25,9.98,9.98,6853386
20140122,000759,中百集团,6.93,7.06,6.9,6.93,3326236
20140122,000760,博盈投资,13.11,13.11,12.82,12.82,1882788
20140122,000761,本钢板材,2.72,2.73,2.66,2.68,2277900
20140122,000762,西藏矿业,10.23,10.28,10.02,10.05,3793589
20140122,000766,通化金马,5.09,5.1,4.95,4.97,1893932
20140122,000767,漳泽电力,3.01,3.03,2.94,2.99,6086494
20140122,000768,中航飞机,8.98,9.02,8.83,8.89,10141835
20140122,000776,广发证券,12.04,12.06,11.56,11.64,33844964
20140122,000777,中核科技,16.83,16.85,16.42,16.61,1757313
20140122,000778,新兴铸管,5.43,5.48,5.37,5.41,14678958
20140122,000779,三毛派神,7.91,7.97,7.58,7.58,1269631
20140122,000780,平庄能源,4.11,4.12,3.97,3.98,5821687
20140122,000782,美达股份,4.1,4.12,4,4.01,6233020
20140122,000783,长江证券,9.68,9.73,9.44,9.5,32523891
20140122,000785,武汉中商,5.65,5.76,5.47,5.53,1549910
20140122,000786,北新建材,15.58,15.58,14.99,15,4893081
20140122,000788,北大医药,12.23,12.28,11.95,12.07,2837333
20140122,000789,江西水泥,9.44,9.49,9.21,9.35,6020471
20140122,000790,华神集团,8.15,8.17,7.95,8.02,3703693
20140122,000791,甘肃电投,6.76,6.78,6.66,6.68,1422115
20140122,000792,盐湖股份,15.46,15.49,15.1,15.24,4822503
20140122,000793,华闻传媒,13.4,13.56,12.72,12.82,51885592
20140122,000795,太原刚玉,7.4,7.44,7.3,7.3,1561490
20140122,000797,中国武夷,7.12,7.15,6.73,6.84,5741635
20140122,000798,中水渔业,6.11,6.11,5.96,5.96,1631697
20140122,000799,酒鬼酒,12.59,12.7,12.07,12.07,10177326
20140122,000800,一汽轿车,10.24,10.35,10.01,10.03,26364811
20140122,000801,四川九洲,11.34,11.38,11.14,11.25,4439440
20140122,000802,北京旅游,6.66,6.73,6.48,6.55,11288057
20140122,000803,金宇车城,7.24,7.26,7.09,7.09,365019
20140122,000806,银河投资,2.82,2.83,2.73,2.74,10099013
20140122,000807,云铝股份,3.17,3.17,3.09,3.09,3210213
20140122,000809,铁岭新城,11,11.12,10.66,10.76,4950038
20140122,000810,华润锦华,14.09,14.38,13.64,13.8,763250
20140122,000811,烟台冰轮,11.08,11.27,10.55,10.81,27763150
20140122,000812,陕西金叶,4.2,4.21,4.1,4.12,5090466
20140122,000813,天山纺织,6.54,6.57,6.42,6.42,1473558
20140122,000815,美利纸业,4.1,4.12,4.01,4.05,2368000
20140122,000816,江淮动力,4.15,4.21,4.01,4.02,12755590
20140122,000818,方大化工,2.68,2.69,2.63,2.63,3560451
20140122,000819,岳阳兴长,19.9,20.4,19.66,19.77,4280014
20140122,000821,京山轻机,3.7,3.75,3.6,3.63,2196117
20140122,000822,山东海化,3.19,3.21,3.09,3.1,3756108
20140122,000823,超声电子,8.71,8.74,8.61,8.64,11097547
20140122,000825,太钢不锈,2.46,2.46,2.4,2.41,11114055
20140122,000826,桑德环境,31.15,31.59,30,30.4,5690042
20140122,000828,东莞控股,4.33,4.38,4.18,4.21,2673976
20140122,000829,天音控股,8.48,8.48,7.6,7.79,48518737
20140122,000830,鲁西化工,3.85,3.88,3.75,3.75,14097942
20140122,000831,五矿稀土,20.48,20.62,19.98,20.01,6779202
20140122,000833,贵糖股份,5.85,5.88,5.68,5.74,1501513
20140122,000835,四川圣达,5.61,5.62,5.5,5.57,3362609
20140122,000836,鑫茂科技,5.6,5.64,5.51,5.51,2686680
20140122,000837,秦川发展,7.42,7.57,7.31,7.38,12291068
20140122,000838,国兴地产,6.73,6.76,6.5,6.64,729832
20140122,000839,中信国安,6.24,6.27,6.04,6.06,8576391
20140122,000848,承德露露,22.78,23,22.57,22.85,5569303
20140122,000850,华茂股份,4.38,4.39,4.24,4.26,4006292
20140122,000851,高鸿股份,12.53,12.53,11.21,11.25,55759392
20140122,000852,江钻股份,16.5,16.69,16.07,16.1,4020591
20140122,000856,冀东装备,5.26,5.34,5.2,5.22,1957943
20140122,000858,五粮液,15.18,15.25,14.71,14.75,31446383
20140122,000859,国风塑业,3.47,3.48,3.38,3.4,4076369
20140122,000860,顺鑫农业,14.91,15.07,14.33,14.68,10603756
20140122,000861,海印股份,9.91,9.93,9.53,9.67,1916257
20140122,000862,银星能源,5.99,6.01,5.78,5.8,949638
20140122,000863,三湘股份,6.39,6.49,6.23,6.41,8873299
20140122,000868,安凯客车,3.57,3.58,3.5,3.51,3708596
20140122,000869,张裕A,25.15,25.15,24.27,24.3,1923555
20140122,000875,吉电股份,2.61,2.62,2.56,2.56,4977390
20140122,000876,新希望,12.91,12.91,12.51,12.56,5211579
20140122,000877,天山股份,5.79,5.81,5.62,5.62,7245238
20140122,000878,云南铜业,7.4,7.41,7.24,7.25,4706283
20140122,000880,潍柴重机,7.37,7.4,7.23,7.28,2572224
20140122,000881,大连国际,5.8,5.81,5.61,5.62,2363785
20140122,000882,华联股份,2.82,2.82,2.52,2.58,30199742
20140122,000883,湖北能源,5.75,5.75,5.46,5.47,10591485
20140122,000885,同力水泥,5.94,5.95,5.78,5.82,4369001
20140122,000886,海南高速,3.78,3.8,3.67,3.69,5618280
20140122,000887,中鼎股份,7.82,7.85,7.51,7.6,7202966
20140122,000888,峨眉山A,17.92,18.14,17.79,17.8,1514735
20140122,000889,茂业物流,4.82,4.83,4.67,4.67,2245176
20140122,000890,法尔胜,3.86,3.87,3.78,3.8,3034005
20140122,000892,星美联合,4.99,5.01,4.78,4.81,2807930
20140122,000893,东凌粮油,15.93,16.07,15.4,15.55,995015
20140122,000895,双汇发展,48.99,50.28,48.27,48.27,4312476
20140122,000897,津滨发展,4.6,4.64,4.43,4.45,48941161
20140122,000898,*ST鞍钢,3.05,3.06,2.97,2.97,8850577
20140122,000899,赣能股份,4.97,4.99,4.86,4.87,3601545
20140122,000900,现代投资,6.48,6.48,6.33,6.35,3152445
20140122,000901,航天科技,15.27,15.37,15.08,15.22,4207389
20140122,000902,中国服装,9.18,9.25,9.06,9.09,3374199
20140122,000903,云内动力,4.4,4.41,4.31,4.32,4202598
20140122,000905,厦门港务,6.87,6.93,6.71,6.75,4286250
20140122,000906,物产中拓,7.85,7.9,7.7,7.77,4327576
20140122,000908,*ST天一,9.28,9.33,8.7,9.33,10669174
20140122,000909,数源科技,6.19,6.34,6.01,6.03,6448478
20140122,000910,大亚科技,4.84,4.88,4.7,4.73,1875091
20140122,000911,南宁糖业,6.25,6.27,6.04,6.14,2191990
20140122,000912,泸天化,4.81,4.83,4.72,4.75,6664117
20140122,000913,钱江摩托,5.23,5.31,5.14,5.2,7287876
20140122,000915,山大华特,31.3,31.59,30.78,30.9,1061511
20140122,000916,华北高速,4.17,4.17,3.78,3.79,13811967
20140122,000917,电广传媒,14.83,15,14.39,14.5,18690814
20140122,000918,嘉凯城,2.5,2.51,2.43,2.43,4512311
20140122,000919,金陵药业,8.88,8.92,8.65,8.68,2970297
20140122,000920,南方汇通,8.36,8.42,8,8.09,6884966
20140122,000921,海信科龙,10.78,10.93,10.51,10.51,4838350
20140122,000922,佳电股份,5.99,6.03,5.78,5.87,2584525
20140122,000923,河北宣工,5.42,5.42,5.3,5.33,1695975
20140122,000926,福星股份,6.88,6.92,6.64,6.66,10134147
20140122,000927,一汽夏利,3.37,3.37,3.27,3.29,4506283
20140122,000928,中钢吉炭,7.91,8,7.73,7.8,1830169
20140122,000929,兰州黄河,7.48,7.52,7.35,7.4,1597494
20140122,000930,中粮生化,4.02,4.02,3.94,3.96,9209991
20140122,000931,中关村,5.25,5.27,5.12,5.12,4942285
20140122,000932,华菱钢铁,1.76,1.77,1.71,1.72,14091193
20140122,000933,神火股份,4.46,4.46,4.35,4.37,5378233
20140122,000935,四川双马,5.8,5.85,5.58,5.85,13144227
20140122,000936,华西股份,3.51,3.53,3.44,3.45,2707157
20140122,000937,冀中能源,6.81,6.82,6.56,6.56,8917515
20140122,000938,紫光股份,31.72,32.94,30.82,31.88,11199762
20140122,000939,凯迪电力,6.37,6.4,6.18,6.18,13586758
20140122,000948,南天信息,8.06,8.1,7.81,7.83,3666296
20140122,000949,新乡化纤,2.71,2.72,2.65,2.65,4220399
20140122,000950,建峰化工,3.68,3.69,3.59,3.59,1147357
20140122,000951,中国重汽,10.68,10.72,10.45,10.54,2156911
20140122,000952,广济药业,6.9,6.92,6.85,6.85,1344276
20140122,000953,*ST河化,4.35,4.39,4.25,4.25,1020290
20140122,000955,欣龙控股,3.18,3.2,3.08,3.08,2922963
20140122,000957,中通客车,9.31,9.36,9.02,9.02,5820333
20140122,000958,*ST东热,4.75,4.78,4.72,4.73,892901
20140122,000959,首钢股份,1.95,1.96,1.9,1.91,4360139
20140122,000960,锡业股份,10.19,10.21,9.95,10.04,3358072
20140122,000961,中南建设,6.45,6.45,5.84,5.84,25151665
20140122,000962,东方钽业,9.4,9.44,9.2,9.2,1941355
20140122,000963,华东医药,48,48.35,46.6,46.65,1343189
20140122,000965,天保基建,4.83,4.84,4.68,4.7,3323267
20140122,000966,长源电力,6.07,6.11,5.87,5.93,5509308
20140122,000967,上风高科,6.46,6.48,6.33,6.41,691721
20140122,000968,煤气化,7.55,7.58,7.21,7.3,5722604
20140122,000969,安泰科技,6.97,7.01,6.86,6.92,7131900
20140122,000970,中科三环,12.73,12.85,12.41,12.41,12034549
20140122,000971,蓝鼎控股,5.38,5.4,5.21,5.28,709308
20140122,000972,新中基,3.47,3.5,3.36,3.37,5483939
20140122,000973,佛塑科技,3.83,3.84,3.76,3.76,6573102
20140122,000975,银泰资源,8.37,8.41,8.24,8.27,3862510
20140122,000976,春晖股份,3.16,3.16,3.07,3.08,2944296
20140122,000977,浪潮信息,47.09,47.88,45.99,46,2905333
20140122,000978,桂林旅游,5.91,5.92,5.83,5.83,1648055
20140122,000979,中弘股份,3.67,3.77,3.61,3.66,43786392
20140122,000980,金马股份,4.42,4.48,4.26,4.29,3194119
20140122,000981,银亿股份,8.34,8.34,7.89,7.96,2046719
20140122,000982,中银绒业,8.33,8.36,8.15,8.21,3279211
20140122,000983,西山煤电,6.15,6.16,5.97,5.97,12750842
20140122,000985,大庆华科,9.59,9.59,9.42,9.48,286651
20140122,000987,广州友谊,9.03,9.06,8.85,8.85,1661947
20140122,000988,华工科技,6.67,6.7,6.46,6.5,12539954
20140122,000989,九芝堂,13.44,13.44,13.06,13.11,6313374
20140122,000990,诚志股份,10,10.06,9.9,9.96,1742347
20140122,000993,闽东电力,6.38,6.39,6.2,6.21,1428996
20140122,000995,皇台酒业,6.79,6.87,6.59,6.69,1782240
20140122,000996,中国中期,14.05,14.1,13.58,13.73,3842160
20140122,000997,新大陆,16.55,16.68,16.25,16.35,10395832
20140122,000998,隆平高科,24.95,24.98,24.23,24.7,6375360
20140122,000999,华润三九,25.3,25.35,24.76,24.76,3834816
20140122,001696,宗申动力,4.1,4.13,3.99,4,4913714
20140122,001896,豫能控股,5.99,5.99,5.82,5.85,3276187
20140122,002001,新和成,17.92,18,17.62,17.7,2399772
20140122,002002,鸿达兴业,9.88,9.95,9.73,9.73,659027
20140122,002003,伟星股份,11.33,11.48,11.12,11.28,8416294
20140122,002005,德豪润达,10.06,10.21,9.81,10,26091956
20140122,002006,精功科技,6.69,6.81,6.43,6.44,4202633
20140122,002007,华兰生物,29.48,29.73,29.01,29.01,5104798
20140122,002008,大族激光,15.19,15.39,14.72,14.96,33323744
20140122,002009,天奇股份,13.03,13.35,12.84,12.9,9487710
20140122,002010,传化股份,10.6,10.72,10.4,10.4,7476108
20140122,002011,盾安环境,8.44,8.45,8.25,8.25,5478057
20140122,002012,凯恩股份,5.14,5.16,5,5.06,6490319
20140122,002013,中航精机,15.98,16.05,15.68,15.73,5698447
20140122,002014,永新股份,8.92,8.93,8.71,8.74,4598813
20140122,002015,霞客环保,5.09,5.1,4.99,5.01,2163819
20140122,002016,世荣兆业,6.51,6.56,6.22,6.24,6399080
20140122,002017,东信和平,16.66,16.75,16.25,16.3,5241593
20140122,002018,华星化工,8.46,8.49,8.09,8.16,17894890
20140122,002019,鑫富药业,24.61,25.34,23.57,23.77,3345269
20140122,002020,京新药业,13.95,14.01,13.35,13.42,3406324
20140122,002023,海特高新,14.83,14.92,14.62,14.7,8374895
20140122,002024,苏宁云商,10.05,10.14,9.59,9.69,250837885
20140122,002025,航天电器,12.73,12.78,12.34,12.4,4681757
20140122,002026,山东威达,7.25,7.39,6.72,6.79,6885147
20140122,002027,七喜控股,8.36,8.36,7.83,7.95,50342814
20140122,002028,思源电气,16.74,16.8,16.32,16.49,6176372
20140122,002029,七匹狼,7.22,7.23,6.98,7,9207450
20140122,002030,达安基因,15.22,15.34,14.79,15.07,19908743
20140122,002031,巨轮股份,9.14,9.43,8.99,9.09,29461623
20140122,002032,苏泊尔,13.68,13.68,13.06,13.16,2527165
20140122,002033,丽江旅游,12.55,12.56,12.15,12.18,3656565
20140122,002034,美欣达,14.28,14.32,14.02,14.12,1455989
20140122,002035,华帝股份,10.72,10.77,10.13,10.16,4901989
20140122,002036,宜科科技,7.61,7.62,7.4,7.4,1491119
20140122,002037,久联发展,9.21,9.24,8.91,8.96,3319176
20140122,002038,双鹭药业,54.98,55.1,54,54.01,2462875
20140122,002039,黔源电力,10.92,11.03,10.82,10.98,1326387
20140122,002040,南京港,5.62,5.65,5.55,5.6,1192958
20140122,002041,登海种业,30.53,30.6,29.15,29.4,3056543
20140122,002042,华孚色纺,4.36,4.41,4.27,4.29,7269485
20140122,002043,兔宝宝,3.58,3.59,3.49,3.49,2910967
20140122,002044,江苏三友,6.73,6.78,6.6,6.65,3449803
20140122,002045,国光电器,5.62,5.67,5.56,5.56,4534272
20140122,002046,轴研科技,7.79,7.84,7.56,7.6,7663690
20140122,002047,成霖股份,5.96,5.97,5.75,5.85,3732936
20140122,002048,宁波华翔,8.93,9.07,8.73,8.8,18524911
20140122,002049,同方国芯,47.89,48.28,45.23,45.25,4152733
20140122,002050,三花股份,10.7,10.74,10.48,10.5,2701321
20140122,002051,中工国际,18.1,18.15,17.57,17.73,3286106
20140122,002052,同洲电子,11.73,11.85,11.3,11.52,17694863
20140122,002053,云南盐化,7,7.01,6.83,6.85,902817
20140122,002054,德美化工,6.49,6.51,6.34,6.34,1693836
20140122,002055,得润电子,10.75,10.79,10.61,10.66,12915949
20140122,002056,横店东磁,17.2,17.48,16.9,16.96,7694633
20140122,002057,中钢天源,13.53,13.58,13.21,13.34,1918211
20140122,002058,威尔泰,7.45,7.55,7.37,7.39,2905035
20140122,002059,云南旅游,8.46,8.47,8.26,8.27,581586
20140122,002060,粤水电,4.08,4.09,3.97,3.98,3337086
20140122,002061,江山化工,5.98,5.98,5.82,5.85,3102711
20140122,002062,宏润建设,4.55,4.56,4.43,4.43,982164
20140122,002063,远光软件,17.66,17.88,17.26,17.42,13266041
20140122,002064,华峰氨纶,9.04,9.08,8.56,8.76,19447093
20140122,002065,东华软件,31.16,31.3,29.35,30.47,6015040
20140122,002066,瑞泰科技,4.64,4.65,4.51,4.55,1594335
20140122,002067,景兴纸业,2.06,2.06,2.01,2.01,7958433
20140122,002068,黑猫股份,3.97,3.99,3.88,3.9,4548752
20140122,002069,獐子岛,13.19,13.2,12.8,12.92,3749383
20140122,002070,众和股份,5.56,5.56,5.48,5.5,5433618
20140122,002071,江苏宏宝,32.13,33.46,31.66,32.67,18725450
20140122,002072,德棉股份,6.22,6.29,6.17,6.18,2306798
20140122,002073,软控股份,9.04,9.11,8.87,8.98,33056401
20140122,002074,东源电器,5.7,5.7,5.45,5.45,5631842
20140122,002075,沙钢股份,3.15,3.17,3.05,3.06,2593683
20140122,002076,雪莱特,8.19,8.22,8.01,8.03,5750555
20140122,002077,大港股份,5.88,5.91,5.75,5.75,2525345
20140122,002078,太阳纸业,6.34,6.34,5.98,6.2,5040023
20140122,002079,苏州固锝,6.86,6.98,6.74,6.85,32348379
20140122,002080,中材科技,10.27,10.29,9.73,10,14144872
20140122,002081,金螳螂,21.33,21.45,20.4,20.62,10497709
20140122,002082,栋梁新材,7.29,7.3,7.11,7.15,2073521
20140122,002083,孚日股份,4.15,4.17,4.09,4.12,9201399
20140122,002084,海鸥卫浴,5.06,5.12,4.96,5,7995162
20140122,002085,万丰奥威,19.38,19.43,18.65,18.83,2107367
20140122,002086,东方海洋,8.57,8.59,8.37,8.42,3131208
20140122,002087,新野纺织,3.79,3.79,3.7,3.72,4007243
20140122,002089,新海宜,9.27,9.43,9.02,9.17,19159988
20140122,002090,金智科技,11.71,11.8,11.11,11.19,4848399
20140122,002091,江苏国泰,12.8,12.99,12.2,12.44,14240903
20140122,002092,中泰化学,5.12,5.13,5.01,5.01,5533891
20140122,002093,国脉科技,5.03,5.04,4.9,4.9,5594128
20140122,002094,青岛金王,7.76,7.9,7.44,7.49,7336435
20140122,002095,生意宝,31.17,31.17,30.18,30.68,5772672
20140122,002096,南岭民爆,11.42,11.42,11.07,11.11,1214684
20140122,002097,山河智能,8.38,8.73,8.25,8.52,39783132
20140122,002098,浔兴股份,9.02,9.05,8.84,8.84,2245458
20140122,002100,天康生物,11.87,11.98,11.39,11.41,2714050
20140122,002101,广东鸿图,10.17,10.18,9.9,9.92,1279717
20140122,002102,冠福家用,4.56,4.59,4.46,4.46,1696461
20140122,002103,广博股份,6.49,6.51,6.41,6.41,1282891
20140122,002104,恒宝股份,17.01,17.25,16.8,17.13,9290900
20140122,002105,信隆实业,4.94,5,4.79,4.82,1937360
20140122,002106,莱宝高科,13.34,13.35,12.85,12.85,15218915
20140122,002107,沃华医药,12.15,12.17,11.73,11.75,2286534
20140122,002108,沧州明珠,9.05,9.1,8.91,8.91,5166314
20140122,002109,兴化股份,4.79,4.8,4.67,4.67,1549990
20140122,002110,三钢闽光,4.16,4.19,4.04,4.07,1730975
20140122,002111,威海广泰,10.72,10.85,10.61,10.76,5030023
20140122,002112,三变科技,6.88,6.93,6.68,6.7,5912268
20140122,002113,天润控股,8.86,8.87,8.65,8.71,749272
20140122,002114,罗平锌电,7.85,8.22,7.65,7.68,7181119
20140122,002115,三维通信,6.86,6.93,6.44,6.48,15189023
20140122,002116,中国海诚,14,14.08,13.7,13.7,1241371
20140122,002117,东港股份,19.43,19.9,18.9,19.45,7570545
20140122,002118,紫鑫药业,9.21,9.23,8.93,8.93,3061807
20140122,002119,康强电子,7.77,7.83,7.72,7.75,4969940
20140122,002120,新海股份,8.65,8.7,8.46,8.46,3312551
20140122,002121,科陆电子,8.65,8.75,8.38,8.42,16999594
20140122,002122,天马股份,4.06,4.09,3.97,3.97,2686438
20140122,002123,荣信股份,7.7,7.76,7.53,7.58,12298557
20140122,002124,天邦股份,9.08,9.1,8.91,8.91,2247780
20140122,002126,银轮股份,12.3,12.6,11.3,11.31,28293655
20140122,002128,露天煤业,7.02,7.03,6.77,6.78,3870544
20140122,002129,中环股份,17.41,17.43,16.88,17.03,6672578
20140122,002130,沃尔核材,6.78,6.79,6.65,6.7,7857707
20140122,002131,利欧股份,14.08,14.16,13.75,13.95,4523027
20140122,002132,恒星科技,3.66,3.68,3.56,3.56,2290956
20140122,002133,广宇集团,3.7,3.72,3.57,3.58,4225421
20140122,002134,天津普林,6.12,6.12,6.01,6.01,1624109
20140122,002135,东南网架,3.51,3.51,3.44,3.46,2273229
20140122,002136,安纳达,6.41,6.54,6.27,6.29,3292362
20140122,002137,实益达,3.97,4,3.88,3.89,2113811
20140122,002138,顺络电子,17.36,17.45,17.01,17.14,4257382
20140122,002139,拓邦股份,9.33,9.53,9.25,9.31,10465102
20140122,002140,东华科技,16.75,16.79,16.28,16.41,2203714
20140122,002141,蓉胜超微,7.03,7.07,6.81,6.83,1631922
20140122,002142,宁波银行,8.83,8.86,8.66,8.66,9230376
20140122,002144,宏达高科,18.26,18.31,17.17,17.5,2641408
20140122,002145,中核钛白,7.5,7.53,7.25,7.29,4199893
20140122,002146,荣盛发展,9.45,9.63,8.75,8.78,27175356
20140122,002147,方圆支承,5.38,5.67,5.15,5.16,2985737
20140122,002148,北纬通信,56.16,57.14,55,57.14,8476602
20140122,002149,西部材料,13.37,13.49,13.01,13.1,2188351
20140122,002150,通润装备,7.11,7.21,7.05,7.1,4166408
20140122,002151,北斗星通,30.33,30.53,30.05,30.15,2840872
20140122,002152,广电运通,19.16,19.28,18.6,18.63,4621316
20140122,002153,石基信息,57.7,59.94,56.33,59,1332001
20140122,002154,报喜鸟,5.58,5.61,5.46,5.46,4423502
20140122,002155,辰州矿业,7.53,7.56,7.31,7.35,7521971
20140122,002156,通富微电,6.36,6.36,6.21,6.29,15244704
20140122,002157,正邦科技,6.65,6.67,6.46,6.53,9122351
20140122,002158,汉钟精机,19.88,20.15,19.34,19.85,4948733
20140122,002159,三特索道,15.55,16.04,15.3,15.99,2103222
20140122,002161,远望谷,7.61,7.64,7.38,7.4,13961342
20140122,002162,*ST上控,5.87,5.89,5.76,5.79,1981234
20140122,002163,中航三鑫,3.36,3.4,3.24,3.28,6084233
20140122,002164,东力传动,3.67,3.69,3.53,3.54,2793957
20140122,002165,红宝丽,5.33,5.34,5.15,5.16,6376450
20140122,002166,莱茵生物,17.74,18.21,17.31,17.5,17252168
20140122,002168,深圳惠程,7.11,7.15,6.87,6.9,8378124
20140122,002169,智光电气,6.92,7.06,6.78,6.98,9827521
20140122,002170,芭田股份,6.28,6.33,6.13,6.18,17979397
20140122,002171,精诚铜业,7.16,7.21,7.07,7.15,1226559
20140122,002172,澳洋科技,4.6,4.6,4.47,4.47,5528356
20140122,002173,千足珍珠,8.27,8.32,8.07,8.09,1924189
20140122,002174,梅花伞,74.6,78.05,72.5,75,2722612
20140122,002176,江特电机,10.74,10.78,10.56,10.63,3392738
20140122,002177,御银股份,6.41,6.45,6.2,6.21,41050676
20140122,002178,延华智能,17.74,17.74,16.65,16.65,14328350
20140122,002179,中航光电,15.95,15.98,15.6,15.63,2680163
20140122,002181,粤传媒,16.05,16.05,16.05,16.05,10350615
20140122,002182,云海金属,7.65,7.66,7.44,7.49,5872152
20140122,002183,怡亚通,7.21,7.26,7.06,7.06,10049179
20140122,002184,海得控制,8.75,8.96,8.64,8.73,6142522
20140122,002185,华天科技,12.11,12.12,11.38,11.4,13946716
20140122,002186,全聚德,18.15,18.16,17.21,17.42,1549524
20140122,002187,广百股份,8.06,8.07,7.88,7.88,2125734
20140122,002188,新嘉联,8.48,8.52,8.34,8.39,2652743
20140122,002189,利达光电,7.42,7.45,7.25,7.3,3408536
20140122,002191,劲嘉股份,14.87,15.01,14.28,14.44,11063639
20140122,002192,路翔股份,13.12,13.13,12.84,12.89,1158262
20140122,002194,武汉凡谷,8.7,8.7,8.36,8.45,3910165
20140122,002195,海隆软件,25.44,25.44,25.44,25.44,684143
20140122,002197,证通电子,14,14.08,12.95,13.11,17421062
20140122,002198,嘉应制药,16.26,16.46,15.87,16.15,2110906
20140122,002199,东晶电子,14.18,14.37,14.03,14.13,16933585
20140122,002200,*ST大地,16.15,16.2,15.8,15.9,787360
20140122,002201,九鼎新材,7.46,7.47,7.33,7.35,2498136
20140122,002202,金风科技,9.23,9.23,8.53,8.7,50241507
20140122,002203,海亮股份,12.55,12.78,11.8,12.01,7206966
20140122,002204,大连重工,8.69,8.79,8.33,8.36,3078570
20140122,002205,国统股份,13.72,13.77,13.48,13.5,2152694
20140122,002206,海利得,6.2,6.38,5.85,5.85,17104521
20140122,002207,准油股份,19.57,19.9,19.06,19.35,2475432
20140122,002208,合肥城建,6.29,6.3,6.07,6.14,2869299
20140122,002209,达意隆,7.23,7.32,6.94,6.99,4643428
20140122,002210,飞马国际,6.94,6.96,6.79,6.8,2768958
20140122,002211,宏达新材,3.88,3.89,3.76,3.76,2239727
20140122,002212,南洋股份,3.99,4.01,3.93,3.93,1986329
20140122,002213,特尔佳,9.68,9.78,9.5,9.55,5463863
20140122,002214,大立科技,13.7,13.84,13.45,13.45,1406476
20140122,002215,诺普信,8.82,8.9,8.46,8.52,3220230
20140122,002216,三全食品,23.5,23.55,22.71,22.94,3628291
20140122,002218,拓日新能,7.5,7.52,7.31,7.48,6553598
20140122,002219,恒康医疗,26.73,26.95,25.5,25.81,4509973
20140122,002220,天宝股份,6.66,6.69,6.51,6.56,3484854
20140122,002221,东华能源,9.81,9.87,9.22,9.3,5761002
20140122,002222,福晶科技,8.34,8.36,8.11,8.15,8820544
20140122,002223,鱼跃医疗,25.88,25.9,24.97,25,4776353
20140122,002224,三力士,12.55,12.66,12.35,12.4,3691767
20140122,002225,濮耐股份,5.19,5.29,4.88,4.91,6900659
20140122,002226,江南化工,12.61,12.68,12.3,12.36,1822033
20140122,002227,奥特迅,28.44,28.48,27.36,27.71,886999
20140122,002228,合兴包装,6.48,6.5,6.32,6.33,1195122
20140122,002229,鸿博股份,21.45,21.59,19.29,19.6,44965527
20140122,002230,科大讯飞,50.09,51.16,49.7,49.93,9119766
20140122,002231,奥维通信,6.23,6.28,6,6.05,6660412
20140122,002232,启明信息,8.64,8.7,8.35,8.4,20188084
20140122,002233,塔牌集团,6.08,6.18,5.9,5.93,5452670
20140122,002234,民和股份,7.44,7.55,7.21,7.5,11047993
20140122,002235,安妮股份,13.93,14.34,13.03,13.25,28946876
20140122,002236,大华股份,38.41,38.5,37,37.66,8099933
20140122,002237,恒邦股份,14.3,14.35,14,14.05,6380211
20140122,002238,天威视讯,13.28,13.37,12.94,13,2659853
20140122,002239,金飞达,12.63,12.84,12.44,12.52,8677222
20140122,002240,威华股份,18.12,18.69,17.94,18,19307518
20140122,002241,歌尔声学,32.2,32.58,30.7,31.35,15393413
20140122,002242,九阳股份,12.99,13.4,12.74,13.01,15912481
20140122,002243,通产丽星,6.51,6.52,6.32,6.36,2111951
20140122,002244,滨江集团,6.9,6.96,6.48,6.49,18916186
20140122,002245,澳洋顺昌,8.28,8.29,8.04,8.16,4785748
20140122,002246,北化股份,8.25,8.26,8.05,8.05,545776
20140122,002247,帝龙新材,19.25,19.27,18.5,18.69,1331687
20140122,002248,华东数控,7.46,7.5,7.25,7.3,5300584
20140122,002249,大洋电机,10.01,10.09,9.7,9.76,2459650
20140122,002250,联化科技,19.4,19.53,18.96,19.28,1404857
20140122,002251,步步高,13.78,14.01,13.35,13.57,4639047
20140122,002252,上海莱士,45.08,46.23,44.71,44.9,1471356
20140122,002253,川大智胜,28,28.39,27.9,28.2,2213537
20140122,002254,泰和新材,7.51,7.57,7.18,7.22,4489250
20140122,002255,海陆重工,13.8,13.95,13.4,13.4,3666114
20140122,002256,彩虹精化,8.29,8.36,8,8.03,4861126
20140122,002258,利尔化学,12.41,12.42,12.07,12.12,1867171
20140122,002259,升达林业,5.4,5.51,5.21,5.26,9294030
20140122,002260,伊立浦,12.29,12.3,11.98,12.27,880946
20140122,002261,拓维信息,28.71,30.11,27.47,27.9,36590027
20140122,002262,恩华药业,27.47,27.7,26.72,26.9,1105096
20140122,002263,大东南,5,5.01,4.86,4.9,4918627
20140122,002264,新华都,7.94,8.13,7.63,7.8,23324221
20140122,002265,*ST西仪,6.04,6.15,5.9,5.9,1511341
20140122,002266,浙富控股,8.74,8.88,8.01,8.1,20843267
20140122,002267,陕天然气,9.64,9.65,9.42,9.48,1944912
20140122,002268,卫士通,30.36,31.98,29.9,29.9,6803811
20140122,002269,美邦服饰,11.13,11.38,11.11,11.17,3138571
20140122,002270,法因数控,9.74,10.25,9.5,9.56,22840840
20140122,002271,东方雨虹,24.52,24.84,22.89,23.1,7260616
20140122,002272,川润股份,4.52,4.55,4.39,4.42,5168128
20140122,002273,水晶光电,19.1,19.15,18.65,18.87,17332546
20140122,002274,华昌化工,6.69,6.71,6.54,6.56,1006145
20140122,002275,桂林三金,14.67,14.72,14.27,14.27,1840505
20140122,002276,万马电缆,4.58,4.61,4.46,4.48,3023532
20140122,002277,友阿股份,12.43,12.46,11.91,11.93,14739007
20140122,002278,神开股份,12.02,12.25,11.6,11.65,10331904
20140122,002279,久其软件,13.69,13.82,13.49,13.6,3614464
20140122,002281,光迅科技,34.97,35.29,33.6,33.9,2941042
20140122,002282,博深工具,8.21,8.26,7.95,7.95,2817857
20140122,002283,天润曲轴,5.84,5.88,5.63,5.66,11055079
20140122,002284,亚太股份,8.84,8.94,8.74,8.76,2061644
20140122,002285,世联行,18.9,19.5,17.89,18.05,7521486
20140122,002286,保龄宝,16.27,16.49,15.71,15.71,2051053
20140122,002287,奇正藏药,21.59,21.61,21.01,21.01,820195
20140122,002288,超华科技,8.3,8.34,8.13,8.18,11200393
20140122,002289,宇顺电子,18.95,19.55,18.62,18.62,2353033
20140122,002291,星期六,5.46,5.47,5.33,5.38,2087502
20140122,002292,奥飞动漫,39.85,40.38,38.28,39.51,8155647
20140122,002293,罗莱家纺,21.6,21.68,21,21.08,1907205
20140122,002294,信立泰,32.75,32.8,31.78,32.19,4475954
20140122,002295,精艺股份,5.51,5.52,5.35,5.41,2140531
20140122,002296,辉煌科技,21.25,21.3,20.35,20.44,2393735
20140122,002297,博云新材,9,9,8.78,8.83,2996261
20140122,002298,鑫龙电器,7.14,7.15,6.92,6.96,7097561
20140122,002299,圣农发展,8.67,8.72,8.45,8.54,6282407
20140122,002300,太阳电缆,8.27,8.28,8.12,8.19,4402043
20140122,002301,齐心文具,8.42,8.48,8.19,8.48,3666151
20140122,002302,西部建设,10.82,10.86,10.54,10.56,2483450
20140122,002303,美盈森,19.04,19.21,18.61,18.9,1542602
20140122,002304,洋河股份,41.03,41.6,39.5,39.9,7915292
20140122,002305,南国置业,6.34,6.4,6.03,6.11,4860081
20140122,002306,湘鄂情,5.17,5.21,5.13,5.15,4324508
20140122,002307,北新路桥,5.07,5.08,4.92,4.95,2007396
20140122,002308,威创股份,7.82,7.93,7.65,7.73,9807949
20140122,002309,中利科技,16.99,17.19,16.2,16.21,6829439
20140122,002310,东方园林,29.35,29.4,28.05,28.05,6007110
20140122,002311,海大集团,10.89,10.94,10.6,10.61,4383268
20140122,002312,三泰电子,22,22,19.97,20.01,9484225
20140122,002313,日海通讯,13.21,13.24,12.83,12.88,10045497
20140122,002314,雅致股份,6.69,6.73,6.63,6.64,1652060
20140122,002315,焦点科技,46.08,46.15,44.82,45.08,3114816
20140122,002316,键桥通讯,8.95,9,8.75,8.81,6022671
20140122,002317,众生药业,21.96,22.25,21.25,21.36,2743314
20140122,002318,久立特材,18.2,18.3,17.84,17.9,2397278
20140122,002319,乐通股份,7.16,7.19,7.01,7.01,2851331
20140122,002320,海峡股份,9.6,9.6,8.78,8.88,9467459
20140122,002321,华英农业,5.99,6,5.83,5.84,3929892
20140122,002322,理工监测,12.26,12.29,12.04,12.07,4647802
20140122,002323,中联电气,14.66,14.85,14.4,14.54,1423158
20140122,002324,普利特,15.22,15.22,14.85,14.9,3710598
20140122,002325,洪涛股份,8.73,8.82,8.28,8.44,7184077
20140122,002326,永太科技,11.43,11.45,11.19,11.22,1844143
20140122,002327,富安娜,13.94,13.94,13.36,13.5,3354153
20140122,002328,新朋股份,10.38,10.4,10.17,10.33,1863857
20140122,002329,皇氏乳业,12.12,12.15,11.87,11.87,2309952
20140122,002330,得利斯,5.21,5.23,5.06,5.1,2625610
20140122,002331,皖通科技,10.03,10.09,9.85,9.9,7635440
20140122,002332,仙琚制药,13.18,13.19,12.73,12.73,1048357
20140122,002333,罗普斯金,9.6,9.64,9.48,9.52,1458091
20140122,002334,英威腾,15.13,15.35,14.6,14.69,7848841
20140122,002335,科华恒盛,14.93,15.03,14.72,14.83,2077363
20140122,002336,人人乐,9.18,9.19,9.06,9.06,1207143
20140122,002337,赛象科技,11.36,11.45,11.19,11.22,3272738
20140122,002338,奥普光电,23.85,23.97,22.71,23.31,1038976
20140122,002339,积成电子,10.15,10.2,9.82,9.91,7338373
20140122,002340,格林美,9.91,9.96,9.7,9.7,8605596
20140122,002341,新纶科技,16.76,16.9,16.45,16.46,1699289
20140122,002342,巨力索具,5.63,5.63,5.41,5.44,3745927
20140122,002343,禾欣股份,8.11,8.12,7.95,8,2174588
20140122,002344,海宁皮城,18,18.26,17.7,18,4990745
20140122,002345,潮宏基,11.14,11.15,10.82,10.86,1994890
20140122,002347,泰尔重工,6.9,6.95,6.68,6.69,2506793
20140122,002348,高乐股份,7.16,7.24,7.02,7.14,22143510
20140122,002349,精华制药,13.14,13.15,12.86,13.01,1903957
20140122,002350,北京科锐,10.55,10.56,9.92,10,5264330
20140122,002351,漫步者,13.09,13.29,12.5,12.65,11643446
20140122,002352,鼎泰新材,22.68,22.75,21.97,21.97,985339
20140122,002353,杰瑞股份,80.69,82,80,81.03,1394716
20140122,002354,科冕木业,30.75,30.75,30.75,30.75,442131
20140122,002355,兴民钢圈,6.91,6.93,6.72,6.72,13090482
20140122,002356,浩宁达,25.19,25.99,24.8,25.19,1817398
20140122,002357,富临运业,12,12.16,11.64,11.8,2512034
20140122,002358,森源电气,23.41,23.5,22.85,23.4,1522861
20140122,002359,齐星铁塔,7.14,7.29,6.96,7.1,4750628
20140122,002360,同德化工,10.33,10.37,10.09,10.13,2547499
20140122,002361,神剑股份,6.31,6.33,5.99,6.02,6659702
20140122,002362,汉王科技,14.41,14.6,14.14,14.4,7965109
20140122,002363,隆基机械,16,16.08,15.63,15.64,973342
20140122,002364,中恒电气,13.88,13.88,12.61,12.61,8862950
20140122,002365,永安药业,8.82,8.86,8.62,8.67,1824923
20140122,002366,丹甫股份,10.08,10.16,9.76,9.83,3959310
20140122,002367,康力电梯,15.15,15.45,15.12,15.3,3933009
20140122,002368,太极股份,30,30.28,28.78,28.81,2925440
20140122,002369,卓翼科技,19,19.59,18.76,19.51,9369733
20140122,002370,亚太药业,17.38,17.38,17.12,17.35,727589
20140122,002371,七星电子,21.38,21.44,20.46,20.46,1479994
20140122,002372,伟星新材,14.44,14.47,14.23,14.25,1822160
20140122,002373,联信永益,14.6,14.77,13.57,13.57,8080200
20140122,002374,丽鹏股份,6.99,7,6.76,6.83,2554678
20140122,002375,亚厦股份,24.85,25,23.89,24.18,4207361
20140122,002376,新北洋,12.46,12.7,11.92,12.08,11404854
20140122,002377,国创高新,7.82,7.82,7.48,7.64,2225619
20140122,002378,章源钨业,17.21,17.98,16.76,16.76,1224009
20140122,002379,鲁丰股份,5.89,5.93,5.75,5.78,13170180
20140122,002380,科远股份,34.79,34.94,33.95,34.66,1194720
20140122,002381,双箭股份,12.48,12.52,12.26,12.36,7910837
20140122,002382,蓝帆股份,11.16,11.16,10.43,10.67,2529816
20140122,002383,合众思壮,20.01,20.11,19.66,19.79,2396034
20140122,002384,东山精密,23.5,23.5,22.52,22.52,1303144
20140122,002385,大北农,14.52,14.75,13.83,13.99,13617158
20140122,002386,天原集团,6.96,6.97,6.81,6.83,1594570
20140122,002387,黑牛食品,8.3,8.35,8.15,8.27,3399011
20140122,002388,新亚制程,8.03,8.07,7.73,7.74,3324619
20140122,002390,信邦制药,33.3,34,32.36,32.6,2544986
20140122,002391,长青股份,24.39,24.5,23.69,23.72,1525232
20140122,002392,北京利尔,7.81,7.88,7.41,7.54,12589834
20140122,002393,力生制药,37.19,37.28,36.52,36.6,1656192
20140122,002394,联发股份,14.99,15.04,14.63,14.63,2982116
20140122,002395,双象股份,8.28,8.38,8.01,8.18,1750584
20140122,002396,星网锐捷,28.12,29.46,27.33,28.5,15624606
20140122,002397,梦洁家纺,14.1,14.14,13.73,13.73,391429
20140122,002398,建研集团,13,13.06,12.61,12.62,2388328
20140122,002399,海普瑞,19.14,19.19,18.9,19.02,3736536
20140122,002400,省广股份,43.01,43.41,40.55,40.55,6274349
20140122,002401,中海科技,12.89,12.98,12.5,12.58,3613942
20140122,002402,和而泰,22.68,24.17,22.36,22.59,5421655
20140122,002403,爱仕达,9.12,9.14,8.88,8.88,1471714
20140122,002404,嘉欣丝绸,6.92,6.94,6.74,6.75,1081282
20140122,002405,四维图新,13.83,13.86,13.36,13.44,25254326
20140122,002406,远东传动,8.27,8.31,8.1,8.1,1998804
20140122,002407,多氟多,12.52,12.56,12.31,12.31,2547845
20140122,002408,齐翔腾达,13.89,13.92,13.5,13.61,3790602
20140122,002409,雅克科技,15.49,15.5,15.12,15.26,802620
20140122,002410,广联达,39.6,40.43,37.99,38.44,4054041
20140122,002411,九九久,9.83,9.85,9.41,9.44,6791370
20140122,002412,汉森制药,34.36,34.65,33.83,34.45,353926
20140122,002413,常发股份,7.41,7.43,7.24,7.34,2102951
20140122,002414,高德红外,22.7,22.97,22.35,22.58,5139305
20140122,002415,海康威视,21.85,22.29,21.1,21.15,15398626
20140122,002416,爱施德,20.71,21.04,19.36,19.41,10414960
20140122,002417,三元达,7.29,7.29,6.6,6.6,13895508
20140122,002418,康盛股份,6.65,6.67,6.48,6.48,3139001
20140122,002419,天虹商场,9.7,9.72,9.46,9.51,4940046
20140122,002420,毅昌股份,5.78,5.83,5.52,5.54,1717380
20140122,002421,达实智能,17.37,17.47,17.08,17.24,4162050
20140122,002422,科伦药业,46.81,46.91,45.55,45.66,2533181
20140122,002423,中原特钢,8.13,8.2,7.85,7.88,3793400
20140122,002424,贵州百灵,25.8,26.87,25.61,26,12296799
20140122,002425,凯撒股份,9.6,9.85,8.93,9,7917719
20140122,002426,胜利精密,15.91,15.98,14.72,14.78,4038475
20140122,002427,尤夫股份,5.74,5.76,5.57,5.67,734034
20140122,002428,云南锗业,13.89,14.13,13.62,13.63,14898102
20140122,002429,兆驰股份,15.16,15.25,14.85,15.12,5976972
20140122,002430,杭氧股份,7.33,7.36,7.18,7.24,3864870
20140122,002431,棕榈园林,18.56,18.58,17.99,18.13,3856991
20140122,002432,九安医疗,13.93,14.3,13.72,14.04,23228577
20140122,002433,太安堂,17.22,17.3,16.07,16.16,16561694
20140122,002434,万里扬,9.42,9.44,9.17,9.17,1745865
20140122,002435,长江润发,7.95,7.95,7.65,7.68,1381088
20140122,002436,兴森科技,18.56,18.79,17.82,17.82,1718151
20140122,002437,誉衡药业,41.6,42.1,40.3,40.5,1383473
20140122,002438,江苏神通,13.5,13.63,13.08,13.08,4285365
20140122,002439,启明星辰,34.07,35,33.58,34.55,4073795
20140122,002440,闰土股份,18.1,18.51,16.98,16.98,16786723
20140122,002441,众业达,14.18,14.24,13.81,13.89,1382357
20140122,002442,龙星化工,3.93,3.95,3.85,3.85,1429360
20140122,002443,金洲管道,7.34,7.34,7.07,7.12,4439327
20140122,002444,巨星科技,8.99,9.1,8.75,8.75,8609505
20140122,002447,壹桥苗业,18.5,18.5,17.86,17.99,1245926
20140122,002448,中原内配,11.4,11.43,11.1,11.11,2191180
20140122,002449,国星光电,10.14,10.3,9.94,10.21,21878547
20140122,002450,康得新,20.21,20.23,19.5,19.81,8789082
20140122,002451,摩恩电气,9.6,9.63,9.25,9.31,2457667
20140122,002452,长高集团,17.81,17.85,17.36,17.42,2251830
20140122,002453,天马精化,11.3,11.5,11.08,11.17,4505947
20140122,002454,松芝股份,10.51,10.54,10.39,10.43,4460799
20140122,002455,百川股份,11.43,11.46,11.22,11.37,1578221
20140122,002456,欧菲光,43.65,43.78,42.18,42.32,3906978
20140122,002457,青龙管业,8.44,8.45,8.31,8.33,5047261
20140122,002458,益生股份,7.62,7.63,7.37,7.39,1268912
20140122,002459,天业通联,6.54,6.54,6.3,6.31,2275140
20140122,002460,赣锋锂业,24.95,25.09,24.64,24.85,2798068
20140122,002461,珠江啤酒,10.78,10.85,10.16,10.28,9957291
20140122,002462,嘉事堂,14.41,14.43,14.01,14.01,1713916
20140122,002463,沪电股份,3.44,3.46,3.38,3.39,6083434
20140122,002464,金利科技,15.09,15.14,14.9,15.11,1444534
20140122,002465,海格通信,22.5,22.98,22.1,22.2,19395795
20140122,002466,天齐锂业,31.07,31.09,30.46,30.59,640650
20140122,002467,二六三,21.88,22.35,21.65,21.68,10119731
20140122,002468,艾迪西,8.03,8.09,7.87,8.08,10460061
20140122,002469,三维工程,13.84,13.92,13.45,13.48,2452929
20140122,002470,金正大,21.56,22.41,21.35,22.39,5290331
20140122,002471,中超电缆,9.48,9.59,9.2,9.2,7350346
20140122,002472,双环传动,7.49,7.58,7.34,7.34,3888892
20140122,002473,圣莱达,20.62,20.79,20.36,20.39,1946160
20140122,002474,榕基软件,12.93,13.08,12.66,12.66,10835858
20140122,002475,立讯精密,37.92,38.14,36.05,36.3,3926732
20140122,002476,宝莫股份,10.34,10.55,9.25,9.36,61107249
20140122,002477,雏鹰农牧,9.18,9.24,8.92,8.95,7401275
20140122,002478,常宝股份,9.4,9.4,9.01,9.17,1666255
20140122,002479,富春环保,7.83,7.84,7.66,7.66,3166547
20140122,002480,新筑股份,15.04,15.08,14.4,14.56,1681787
20140122,002481,双塔食品,12.43,12.46,12.25,12.26,2892229
20140122,002482,广田股份,17.65,17.88,17,17.16,4761450
20140122,002483,润邦股份,10.49,10.49,9.65,9.65,4370391
20140122,002484,江海股份,21.83,21.9,20.8,20.99,3322944
20140122,002485,希努尔,6.38,6.39,6.23,6.25,1079960
20140122,002486,嘉麟杰,6.81,6.89,6.6,6.65,23282906
20140122,002487,大金重工,5.88,5.94,5.63,5.63,4714362
20140122,002488,金固股份,9.49,9.5,9.3,9.35,1045433
20140122,002489,浙江永强,12.03,12.07,11.66,11.78,10205851
20140122,002490,山东墨龙,9.5,9.73,9.13,9.13,15620341
20140122,002491,通鼎光电,14.63,14.65,14.25,14.36,1440722
20140122,002492,恒基达鑫,17.16,17.28,16.11,16.22,2476517
20140122,002493,荣盛石化,8.07,8.07,7.84,7.87,1291166
20140122,002494,华斯股份,16.4,16.46,16.05,16.05,1593323
20140122,002495,佳隆股份,6.43,6.46,6.22,6.24,2670659
20140122,002496,辉丰股份,17.02,17.18,16.65,16.9,3977342
20140122,002497,雅化集团,8.97,9.03,8.78,8.79,5366777
20140122,002498,汉缆股份,8.59,8.73,8.46,8.53,11335580
20140122,002499,科林环保,25.77,26.12,24.89,25.13,2789262
20140122,002500,山西证券,6.81,6.84,6.66,6.69,13752527
20140122,002501,利源精制,14.88,15.1,14.57,14.78,4692245
20140122,002502,骅威股份,22.34,23.37,21.82,22.94,12304346
20140122,002503,搜于特,9.26,9.28,9.05,9.06,2030896
20140122,002505,大康牧业,17.18,17.29,16.78,16.78,2017994
20140122,002506,*ST超日,2.23,2.25,2.17,2.18,8829292
20140122,002507,涪陵榨菜,30.75,30.8,29.5,29.9,2246311
20140122,002508,老板电器,37.95,38.28,37.01,37.4,866706
20140122,002509,天广消防,9.72,9.76,9.55,9.56,4781101
20140122,002510,天汽模,11.16,11.2,10.78,10.83,4712682
20140122,002511,中顺洁柔,10.98,10.99,10.63,10.68,1867885
20140122,002512,达华智能,14.34,14.49,13.86,13.9,10309194
20140122,002513,蓝丰生化,9.27,9.27,9.09,9.1,1115005
20140122,002514,宝馨科技,19.94,20.29,19.15,19.57,4279732
20140122,002515,金字火腿,13.88,13.91,13.62,13.69,1166596
20140122,002516,江苏旷达,11.67,11.75,11.05,11.15,6532648
20140122,002518,科士达,25.29,25.29,22.88,22.88,3683053
20140122,002520,日发精机,19,19.46,18.5,18.6,5722361
20140122,002521,齐峰新材,8.02,8.04,7.86,7.93,2894976
20140122,002522,浙江众成,13.24,13.3,12.75,12.75,873716
20140122,002523,天桥起重,5.27,5.29,5.14,5.18,5696912
20140122,002524,光正集团,6.24,6.25,5.8,5.8,10629419
20140122,002526,山东矿机,5.31,5.32,5.18,5.21,6594018
20140122,002528,英飞拓,17.9,18.47,17.66,17.8,13741785
20140122,002529,海源机械,12.6,12.74,12.3,12.4,6941243
20140122,002530,丰东股份,5.98,6.07,5.89,5.93,4065589
20140122,002531,天顺风能,10.71,10.82,10.3,10.51,10589898
20140122,002532,新界泵业,23.3,23.45,22.92,23.16,1846844
20140122,002533,金杯电工,6.5,6.51,6.37,6.43,5039553
20140122,002534,杭锅股份,11.45,11.46,11.2,11.25,999083
20140122,002535,林州重机,6.9,6.99,6.56,6.75,6016850
20140122,002536,西泵股份,19.9,19.98,19.35,19.38,1317054
20140122,002537,海立美达,16.6,18.07,16.06,17.3,9181421
20140122,002538,司尔特,9.38,9.4,9.19,9.22,1501620
20140122,002539,新都化工,8.14,8.15,7.91,7.92,965829
20140122,002540,亚太科技,9.48,9.57,9.24,9.3,1873725
20140122,002541,鸿路钢构,10.78,10.8,10.56,10.6,1258494
20140122,002543,万和电气,11.97,12.04,11.73,11.75,1807627
20140122,002544,杰赛科技,11.89,12.2,11.22,11.22,7156046
20140122,002545,东方铁塔,15.72,15.77,15.29,15.33,1100387
20140122,002546,新联电子,16.57,16.63,16.22,16.3,2393296
20140122,002547,春兴精工,11.05,11.14,10.8,10.94,4054983
20140122,002548,金新农,13.14,13.17,12.88,12.98,1300309
20140122,002549,凯美特气,16.14,16.16,15.4,15.4,4257707
20140122,002550,千红制药,33.45,33.5,32.6,32.7,963932
20140122,002551,尚荣医疗,33.55,33.85,31.58,31.91,3685106
20140122,002552,宝鼎重工,11.61,11.74,11.29,11.38,1281246
20140122,002553,南方轴承,25.85,25.85,25.32,25.49,1752919
20140122,002554,惠博普,12.19,12.22,11.7,11.77,8844215
20140122,002555,顺荣股份,36.94,36.94,33,33.5,8583283
20140122,002556,辉隆股份,10.22,10.4,9.71,9.8,25954284
20140122,002557,洽洽食品,22.23,22.64,20.82,21.1,4938201
20140122,002558,世纪游轮,25.86,25.99,25.34,25.39,532430
20140122,002559,亚威股份,19.15,20.12,18.93,19.05,9561009
20140122,002560,通达股份,17.31,17.38,16.75,17,1730895
20140122,002561,徐家汇,10.25,10.3,10.04,10.07,4073783
20140122,002562,兄弟科技,10.77,10.88,10.5,10.8,4724910
20140122,002563,森马服饰,26.63,26.7,26.04,26.12,553776
20140122,002564,张化机,12.06,12.07,11.71,11.75,3654704
20140122,002565,上海绿新,23.19,23.6,22.05,22.25,5268813
20140122,002566,益盛药业,21.3,21.35,20.1,20.21,2261651
20140122,002567,唐人神,8.52,8.54,8.26,8.44,7053463
20140122,002568,百润股份,14.74,14.75,14.5,14.5,791069
20140122,002569,步森股份,9.87,9.87,9.62,9.77,1864817
20140122,002570,贝因美,28.15,28.21,27.45,27.5,11162818
20140122,002571,德力股份,11.58,11.8,11.2,11.25,5713732
20140122,002572,索菲亚,18.91,18.99,18.65,18.84,2092750
20140122,002574,明牌珠宝,24.28,24.8,23.62,23.62,1740787
20140122,002575,群兴玩具,11.67,11.77,11.43,11.55,9358059
20140122,002576,通达动力,7.52,7.56,7.39,7.44,3481069
20140122,002577,雷柏科技,30.21,32.69,29.6,32.32,20229404
20140122,002578,闽发铝业,11.62,11.69,11.52,11.55,2008578
20140122,002580,圣阳股份,14.12,14.17,14,14.05,1135376
20140122,002581,万昌科技,13.94,14.07,13.6,13.67,749660
20140122,002582,好想你,21.12,21.19,20.65,20.68,3448637
20140122,002583,海能达,24.1,24.15,23.24,23.24,2375278
20140122,002584,西陇化工,12.67,12.85,12.42,12.67,2648015
20140122,002585,双星新材,10.93,10.93,10.61,10.61,2034562
20140122,002586,围海股份,11.09,11.14,10.79,10.83,4113213
20140122,002587,奥拓电子,17.54,17.58,17.18,17.2,1109370
20140122,002588,史丹利,35.51,35.86,35.01,35.01,3539674
20140122,002589,瑞康医药,45.3,45.83,45.15,45.3,1324431
20140122,002590,万安科技,13.43,13.49,13.07,13.25,1899057
20140122,002591,恒大高新,14.3,14.32,13.91,14.06,2237019
20140122,002592,八菱科技,10.96,11.03,10.62,10.67,2667309
20140122,002593,日上集团,8.2,8.2,7.92,7.92,2789688
20140122,002594,比亚迪,38.04,38.1,37.07,37.45,3810145
20140122,002595,豪迈科技,36.8,36.96,34.97,34.97,2844613
20140122,002596,海南瑞泽,9.12,9.2,8.83,8.84,2415338
20140122,002597,金禾实业,9.64,9.67,9.36,9.39,2444998
20140122,002598,山东章鼓,6.81,6.84,6.66,6.7,3485739
20140122,002599,盛通股份,11.67,11.83,11.52,11.53,2744310
20140122,002600,江粉磁材,10.14,10.16,9.95,10.04,5372817
20140122,002601,佰利联,16.98,17.01,16.56,16.56,1881389
20140122,002602,世纪华通,8.03,8.03,8.03,8.03,279677
20140122,002603,以岭药业,34.21,35.14,33.66,34.73,6658534
20140122,002604,龙力生物,17.19,17.27,16.65,16.65,1537236
20140122,002605,姚记扑克,25.29,25.29,23.08,23.3,18007728
20140122,002606,大连电瓷,13.08,13.13,12.8,12.9,3327006
20140122,002607,亚夏汽车,7.88,8.07,7.55,7.55,10003811
20140122,002608,舜天船舶,15.27,15.3,14.65,14.67,4198631
20140122,002609,捷顺科技,17,17.6,16.64,16.86,7919244
20140122,002610,爱康科技,11.21,11.34,10.89,11,9023089
20140122,002611,东方精工,12.78,13.27,12.62,13,7872060
20140122,002612,朗姿股份,25,25.12,24.4,24.4,1629573
20140122,002613,北玻股份,6.23,6.3,6.02,6.04,9406784
20140122,002614,蒙发利,25.6,25.76,25.19,25.4,2235124
20140122,002615,哈尔斯,20.49,20.69,19.92,19.97,1512991
20140122,002616,长青集团,18.55,18.59,18.05,18.19,2657358
20140122,002617,露笑科技,14.5,14.84,14.01,14.32,11554571
20140122,002618,丹邦科技,35.47,35.67,33.78,34.3,1712118
20140122,002619,巨龙管业,12.62,12.64,12.41,12.5,1835382
20140122,002620,瑞和股份,15.97,16.05,15.56,15.56,1362971
20140122,002621,大连三垒,13.89,14.02,13.5,13.5,1849876
20140122,002622,永大集团,14.36,14.56,14.1,14.13,2521488
20140122,002623,亚玛顿,17.7,17.82,17.29,17.4,1523880
20140122,002624,金磊股份,8.07,8.07,7.28,7.28,15218341
20140122,002625,龙生股份,11.24,11.29,11.01,11.06,3297105
20140122,002626,金达威,16.44,16.48,16.13,16.4,1587606
20140122,002627,宜昌交运,10.8,10.84,10.61,10.66,1247140
20140122,002628,成都路桥,4.86,4.87,4.69,4.7,9310770
20140122,002630,华西能源,24.17,24.24,23.5,23.66,2570808
20140122,002631,德尔家居,16.51,16.56,15.47,15.5,3924500
20140122,002632,道明光学,12.31,12.4,12.02,12.14,2082926
20140122,002633,申科股份,8.96,9.1,8.58,8.63,4137913
20140122,002634,棒杰股份,14.07,14.1,13.59,13.59,1964483
20140122,002635,安洁科技,40.21,40.68,39.22,39.4,2131017
20140122,002636,金安国纪,8.21,8.24,8.04,8.08,3345049
20140122,002637,赞宇科技,16,16.48,15.8,16,7048216
20140122,002638,勤上光电,13.53,13.76,13.23,13.61,14182496
20140122,002639,雪人股份,12.37,12.48,12.11,12.16,2309721
20140122,002640,百圆裤业,14.21,14.24,13.82,14.02,2630725
20140122,002641,永高股份,10.8,10.83,10.5,10.5,2270441
20140122,002642,荣之联,19.65,19.77,18.94,19.15,7738602
20140122,002643,烟台万润,13.25,13.29,12.89,12.9,3184500
20140122,002644,佛慈制药,32.87,32.97,31.84,31.88,951579
20140122,002645,华宏科技,16.08,16.3,15.71,15.9,3814821
20140122,002646,青青稞酒,18.68,18.73,18.06,18.19,4039581
20140122,002647,宏磊股份,9.53,9.57,9.28,9.41,2352277
20140122,002648,卫星石化,31.72,31.94,30.6,30.71,3559955
20140122,002649,博彦科技,32.75,32.93,32,32.02,2022683
20140122,002650,加加食品,19.95,20.07,18.9,18.9,4453134
20140122,002651,利君股份,18.19,18.48,17.52,17.69,1845257
20140122,002652,扬子新材,10.52,10.54,10.18,10.2,3958460
20140122,002653,海思科,21.95,22.25,21.56,21.81,4530862
20140122,002654,万润科技,12.95,13.31,12.55,12.8,9548517
20140122,002655,共达电声,14.21,14.5,13.68,13.8,28833925
20140122,002656,卡奴迪路,14.82,15.19,14.78,14.84,2839916
20140122,002657,中科金财,24.97,25.18,24.1,24.32,4104325
20140122,002658,雪迪龙,22.4,22.68,21.61,21.7,3821972
20140122,002659,中泰桥梁,4.8,4.81,4.68,4.68,2322016
20140122,002660,茂硕电源,12.66,12.87,12.28,12.65,21829033
20140122,002661,克明面业,34.83,34.86,34.01,34.01,1105221
20140122,002662,京威股份,7.19,7.19,7.04,7.04,2355803
20140122,002663,普邦园林,14.91,14.99,14.3,14.38,9653005
20140122,002664,信质电机,36.2,36.9,34.1,34.1,1718054
20140122,002666,德联集团,9.33,9.44,9.04,9.1,7112412
20140122,002667,鞍重股份,22.51,22.58,22,22.31,814914
20140122,002668,奥马电器,19.49,19.64,19,19.2,3786606
20140122,002669,康达新材,15.17,15.19,14.53,14.55,2342510
20140122,002670,华声股份,10.55,10.55,10.08,10.15,5618998
20140122,002671,龙泉股份,17.67,17.78,17.42,17.55,1157904
20140122,002672,东江环保,32.1,32.22,31.3,31.49,1269617
20140122,002673,西部证券,12.45,12.48,12.17,12.2,9773722
20140122,002674,兴业科技,12.51,12.56,12.27,12.28,2730460
20140122,002675,东诚生化,16.53,16.59,16.25,16.32,1993985
20140122,002676,顺威股份,12.7,12.76,12.46,12.55,1761146
20140122,002677,浙江美大,12.72,12.83,12.42,12.42,2843262
20140122,002678,珠江钢琴,7.48,7.5,7.3,7.36,5898841
20140122,002679,福建金森,17.51,17.59,17.01,17.18,1815823
20140122,002680,黄海机械,23.65,23.7,22.9,23,953219
20140122,002681,奋达科技,53.93,54.22,51.2,52.71,4546451
20140122,002682,龙洲股份,7.64,7.65,7.44,7.48,1594801
20140122,002683,宏大爆破,28.9,29.35,28.6,28.75,1273794
20140122,002684,猛狮科技,16.05,16.1,15.71,15.72,3043269
20140122,002685,华东重机,8.5,8.58,8.26,8.3,1939461
20140122,002686,亿利达,16.88,16.91,16.61,16.65,1847825
20140122,002687,乔治白,9.41,9.45,9.1,9.21,3527176
20140122,002688,金河生物,26.13,26.18,25.52,25.69,1933180
20140122,002689,博林特,7.32,7.37,7.07,7.09,2797044
20140122,002690,美亚光电,39.28,40.5,38,38.02,1070530
20140122,002691,石中装备,9.98,10.08,9.7,9.7,4181223
20140122,002692,远程电缆,8.03,8.04,7.74,7.75,3859881
20140122,002693,双成药业,15.15,15.19,14.79,14.99,2995146
20140122,002694,顾地科技,13.68,13.72,13.44,13.62,4057754
20140122,002695,煌上煌,27.15,27.18,26.31,26.4,1369012
20140122,002696,百洋股份,21.12,21.12,20.6,20.69,1975967
20140122,002697,红旗连锁,9.63,9.65,9.33,9.38,5388132
20140122,002698,博实股份,31.69,31.88,30.71,31,3419549
20140122,002699,美盛文化,37.96,38.2,37,37.4,2002319
20140122,002700,新疆浩源,31.18,31.27,30.58,30.65,903228
20140122,002701,奥瑞金,40.88,40.88,39.38,39.38,3837683
20140122,002702,海欣食品,14.42,14.5,13.8,14,4966244
20140122,002703,浙江世宝,21.44,21.55,21.01,21.11,1822683
20140122,002705,新宝股份,14.28,15.56,13.73,13.73,52340314
20140122,002706,良信电器,28.41,29.98,25.01,26.8,14790003
20140122,002708,光洋股份,16.56,18.2,15.53,15.56,24135202
20140122,300001,特锐德,21.73,21.75,21.2,21.35,1417568
20140122,300002,神州泰岳,34.8,35.6,33.8,34.89,15157952
20140122,300003,乐普医疗,15.92,16.42,15.48,15.48,7092377
20140122,300004,南风股份,40.9,41.39,39,39.38,1732454
20140122,300005,探路者,18.29,18.48,17.25,17.28,9747283
20140122,300006,莱美药业,29.45,29.53,27.7,28.35,1606088
20140122,300008,上海佳豪,11.06,11.2,10.71,10.86,4935689
20140122,300009,安科生物,18.09,18.34,17.89,18.15,3314091
20140122,300013,新宁物流,15.28,15.3,14.92,15.08,810024
20140122,300015,爱尔眼科,35.94,36.9,34.9,35.5,1596173
20140122,300016,北陆药业,9.02,9.05,8.73,8.83,8547639
20140122,300017,网宿科技,94.25,94.9,91.64,92.89,1775032
20140122,300018,中元华电,8.86,9.07,8.61,8.7,6550933
20140122,300019,硅宝科技,12.35,12.35,11.96,12.12,2578434
20140122,300020,银江股份,26.9,26.99,25.7,25.82,2867041
20140122,300021,大禹节水,14.29,14.48,13.9,14.28,11525656
20140122,300022,吉峰农机,7.34,7.38,7.13,7.21,18515688
20140122,300023,宝德股份,12.84,12.96,12.4,12.65,3170326
20140122,300024,机器人,53.39,54.8,51.96,52.07,11906862
20140122,300025,华星创业,13.47,13.55,13.18,13.4,4515060
20140122,300026,红日药业,38.34,39.33,37.6,38.29,2339975
20140122,300027,华谊兄弟,30.43,31,29.85,30.9,61421482
20140122,300028,金亚科技,9.31,9.44,9.13,9.36,13011957
20140122,300029,天龙光电,9.25,9.37,9.06,9.3,19658103
20140122,300030,阳普医疗,19.76,20.3,19.05,19.2,4865335
20140122,300031,宝通带业,13.85,13.97,13.65,13.72,9366632
20140122,300033,同花顺,23.92,23.99,23,23.06,1820716
20140122,300034,钢研高纳,19.11,19.27,18.78,19.03,4237658
20140122,300035,中科电气,11.94,12.06,11.57,11.65,12575866
20140122,300036,超图软件,16.43,16.7,15.8,16,6915193
20140122,300037,新宙邦,21.63,21.97,21.41,21.57,2977907
20140122,300038,梅泰诺,18.25,18.66,17.81,17.95,7455868
20140122,300039,上海凯宝,16.85,17,16.5,16.88,9574316
20140122,300040,九洲电气,6.45,6.46,6.31,6.34,7909713
20140122,300041,回天胶业,15.3,15.38,14.68,15,4703383
20140122,300042,朗科科技,13.63,13.78,13.23,13.58,5204459
20140122,300045,华力创通,21.68,22.2,20.8,20.8,4205920
20140122,300046,台基股份,13.1,13.58,12.36,12.42,13386410
20140122,300048,合康变频,8.86,8.87,8.58,8.67,9496070
20140122,300049,福瑞股份,28.05,28.28,25.63,26.5,3273488
20140122,300050,世纪鼎利,13.38,13.75,12.44,12.61,5154373
20140122,300051,三五互联,9.67,9.88,9.36,9.65,28028694
20140122,300054,鼎龙股份,17.57,17.8,17.18,17.36,2685367
20140122,300055,万邦达,37.89,38,37,37.3,1129679
20140122,300057,万顺股份,12.16,12.26,11.85,11.95,4729054
20140122,300058,蓝色光标,62.67,64.53,59.85,59.85,3746001
20140122,300059,东方财富,15.51,15.61,14.54,14.64,21117164
20140122,300061,康耐特,14.35,14.35,13.78,14.11,7665988
20140122,300063,天龙集团,12.97,13.14,12.75,12.88,5673211
20140122,300064,豫金刚石,5.47,5.52,5.35,5.41,12140620
20140122,300065,海兰信,15.81,16.48,15.5,15.64,5018593
20140122,300066,三川股份,20.82,21.19,20.34,20.77,3054398
20140122,300067,安诺其,11.54,11.89,11.22,11.3,5958585
20140122,300068,南都电源,8.47,8.47,8.28,8.36,23410215
20140122,300069,金利华电,13.34,13.53,13.21,13.53,1472054
20140122,300070,碧水源,39.7,39.9,38.4,38.71,4129018
20140122,300072,三聚环保,18.96,19.17,18.39,18.39,8421491
20140122,300073,当升科技,12.06,12.24,11.76,11.83,5981065
20140122,300074,华平股份,26.1,26.55,25.1,25.76,9721987
20140122,300075,数字政通,45.19,45.5,42.7,42.7,410270
20140122,300076,GQY视讯,22.24,22.48,21.25,21.54,3281419
20140122,300077,国民技术,25.66,25.8,24.2,24.2,8934271
20140122,300078,中瑞思创,24.99,25.47,24.45,24.53,2782785
20140122,300079,数码视讯,24.96,25.87,24.42,24.7,23692173
20140122,300080,新大新材,7.63,7.69,7.49,7.53,3452657
20140122,300081,恒信移动,12.46,13.16,11.7,11.7,10326735
20140122,300082,奥克股份,11.35,11.36,11.1,11.19,2990388
20140122,300083,劲胜股份,20.92,21.4,20.5,20.58,7066409
20140122,300084,海默科技,18.07,18.7,17.43,18.21,13240611
20140122,300085,银之杰,29.54,29.78,27.57,27.57,1356689
20140122,300086,康芝药业,14.73,14.8,14.4,14.48,3417446
20140122,300087,荃银高科,11.43,11.46,11.1,11.43,5183173
20140122,300088,长信科技,16.54,16.77,16.02,16.72,22332782
20140122,300089,长城集团,14.32,15.15,13.84,14.76,19168375
20140122,300090,盛运股份,36.92,37.62,36.67,37.2,3294796
20140122,300091,金通灵,17.3,17.35,17.01,17.28,928580
20140122,300092,科新机电,10.95,11.15,10.79,10.93,1202781
20140122,300093,金刚玻璃,7.25,7.27,7.08,7.15,6459551
20140122,300094,国联水产,8.6,8.85,8.45,8.69,6402103
20140122,300095,华伍股份,15.73,16.32,15.66,16.02,4743021
20140122,300096,易联众,27.44,27.63,27.1,27.55,1226760
20140122,300097,智云股份,21.19,21.19,19.81,20,25572371
20140122,300098,高新兴,14.96,15.2,14.55,14.65,1851295
20140122,300099,尤洛卡,13.37,13.52,13.14,13.34,3795268
20140122,300100,双林股份,7.65,7.7,7.52,7.57,5824843
20140122,300101,国腾电子,22.44,22.92,21.91,22.02,4578266
20140122,300102,乾照光电,12.11,12.32,11.67,11.92,19085949
20140122,300103,达刚路机,13.2,13.5,13.1,13.33,4543442
20140122,300104,乐视网,49.39,51,47.78,49.41,16075081
20140122,300105,龙源技术,21.11,21.27,20.7,21.11,2576256
20140122,300106,西部牧业,17.69,17.8,17.4,17.56,2252452
20140122,300107,建新股份,16.86,17.28,16.03,17,2262891
20140122,300109,新开源,12,12.33,11.8,12.17,3411175
20140122,300110,华仁药业,9.1,9.1,8.89,8.98,5524530
20140122,300111,向日葵,4.15,4.21,4.09,4.14,75707319
20140122,300112,万讯自控,15.02,15.25,14.3,14.85,19277434
20140122,300113,顺网科技,58.64,59.3,56.52,57.98,1342582
20140122,300114,中航电测,17.62,17.8,17.33,17.5,3373147
20140122,300115,长盈精密,37.5,38.49,37.2,38.01,1289826
20140122,300117,嘉寓股份,8.99,9.03,8.79,8.91,9157021
20140122,300118,东方日升,7.48,7.59,7.28,7.35,15176518
20140122,300119,瑞普生物,24.79,24.79,24.48,24.48,2090260
20140122,300120,经纬电材,9.04,9.14,8.81,8.88,4055665
20140122,300121,阳谷华泰,12.53,12.55,12.24,12.38,1687700
20140122,300122,智飞生物,53.3,54.46,51.02,51.9,1194426
20140122,300123,太阳鸟,18.28,18.39,18.04,18.2,2415590
20140122,300124,汇川技术,63.26,64.21,62.11,62.75,1537609
20140122,300125,易世达,15.55,15.55,15.15,15.26,3400678
20140122,300126,锐奇股份,13.35,14.13,13.15,13.3,6487961
20140122,300127,银河磁体,18.74,18.88,18.4,18.61,1575166
20140122,300128,锦富新材,12.59,12.65,12.27,12.48,4226957
20140122,300129,泰胜风能,11.01,11.24,10.04,10.18,21312242
20140122,300131,英唐智控,13.18,13.89,12.85,13.32,25152471
20140122,300132,青松股份,11.47,11.74,11.18,11.29,757921
20140122,300133,华策影视,39.04,39.5,37.01,37.16,9507543
20140122,300134,大富科技,15.09,15.45,14.88,15,6419620
20140122,300136,信维通信,21.78,21.8,20.4,20.51,4073904
20140122,300137,先河环保,21.98,22.54,20.26,20.46,15604587
20140122,300138,晨光生物,9.06,9.13,8.9,8.95,1906589
20140122,300139,福星晓程,24.66,24.74,24.18,24.25,1286184
20140122,300140,启源装备,22.98,22.99,22.5,22.87,2239467
20140122,300141,和顺电气,9.19,9.23,8.89,9.01,4982134
20140122,300142,沃森生物,40.11,40.67,39.45,39.88,1747746
20140122,300144,宋城股份,19.76,19.84,18.77,18.77,3130672
20140122,300145,南方泵业,33.79,34.06,32.51,33.55,445888
20140122,300147,香雪制药,25.11,25.5,24.45,25.27,4122175
20140122,300148,天舟文化,33,34.1,31.55,31.8,11468749
20140122,300149,量子高科,13.26,13.35,13.02,13.32,10013989
20140122,300150,世纪瑞尔,10.95,11.28,10.75,10.99,8535266
20140122,300151,昌红科技,17.4,17.5,16.91,17.09,957914
20140122,300152,燃控科技,13.57,13.74,13.17,13.34,14209503
20140122,300153,科泰电源,9.93,10.19,9.73,9.87,3195350
20140122,300154,瑞凌股份,14.34,14.66,13.93,14.3,9567466
20140122,300155,安居宝,27.15,28.75,26.6,27.67,6447109
20140122,300156,天立环保,9.79,9.8,9.34,9.46,11881967
20140122,300157,恒泰艾普,27.72,29.02,27.42,27.78,3036640
20140122,300158,振东制药,14.89,15.06,14.6,14.97,2916554
20140122,300159,新研股份,16.06,16.07,15.59,15.59,2192021
20140122,300160,秀强股份,9.02,9.07,8.75,8.85,4182546
20140122,300161,华中数控,19.79,20.29,19.33,19.55,2335958
20140122,300162,雷曼光电,16.95,17.08,16.35,16.62,7480191
20140122,300163,先锋新材,18.38,18.58,17.53,17.58,3804199
20140122,300164,通源石油,18.57,18.93,18.35,18.35,2652388
20140122,300165,天瑞仪器,28.14,28.71,26.65,26.8,9425826
20140122,300166,东方国信,28.86,29.55,27.65,27.7,3348213
20140122,300167,迪威视讯,18.09,18.9,17.85,18.37,3670747
20140122,300168,万达信息,31.85,33.49,30.68,31.18,4057741
20140122,300169,天晟新材,6.99,6.99,6.99,6.99,402313
20140122,300170,汉得信息,16.69,16.77,16.21,16.33,10499660
20140122,300171,东富龙,34.84,34.86,33.58,34.35,3266137
20140122,300172,中电环保,22.9,23,21.95,22.5,5317678
20140122,300173,松德股份,11.25,11.28,10.85,11.16,2721184
20140122,300174,元力股份,9.9,9.9,9.62,9.71,3184701
20140122,300175,朗源股份,4.15,4.17,4.09,4.12,6362924
20140122,300176,鸿特精密,12.54,12.9,12.36,12.49,2436029
20140122,300177,中海达,25.24,25.49,24.81,25.15,2286983
20140122,300178,腾邦国际,30.21,30.5,29.46,29.63,3863662
20140122,300179,四方达,8.39,8.42,8.17,8.25,5665058
20140122,300180,华峰超纤,14.64,14.78,14.45,14.52,1659057
20140122,300181,佐力药业,30.35,30.55,29.14,29.85,10296119
20140122,300182,捷成股份,39,40,38.56,39.1,747454
20140122,300183,东软载波,40.47,41.33,38.38,38.77,6328896
20140122,300184,力源信息,14.7,15.3,14.27,14.6,4111331
20140122,300185,通裕重工,4.59,4.63,4.43,4.45,25569183
20140122,300186,大华农,9.06,9.07,8.77,8.8,6148759
20140122,300187,永清环保,28.69,28.81,28,28.11,2059369
20140122,300188,美亚柏科,18.92,19.5,18.42,18.68,9764860
20140122,300189,神农大丰,11.77,11.91,11.48,11.7,7370296
20140122,300191,潜能恒信,27.43,27.97,26.23,26.24,9675392
20140122,300192,科斯伍德,12.16,12.37,11.81,11.85,5119780
20140122,300193,佳士科技,16.77,17.36,16.4,16.76,9547895
20140122,300194,福安药业,22.93,22.97,21.8,22.09,1005824
20140122,300195,长荣股份,31.2,31.95,30.9,31.07,1597431
20140122,300196,长海股份,26.5,26.51,26.02,26.02,878776
20140122,300197,铁汉生态,26.4,26.59,25.8,25.89,2723198
20140122,300198,纳川股份,15.42,15.47,14.78,14.98,4025650
20140122,300199,翰宇药业,23.7,23.86,23.15,23.22,1875139
20140122,300200,高盟新材,10.23,10.25,9.98,9.98,5999842
20140122,300201,海伦哲,7.02,7.45,6.78,6.93,36849336
20140122,300202,聚龙股份,39.15,39.15,37.97,38.48,1215044
20140122,300203,聚光科技,18.01,18.22,17.5,17.64,4756719
20140122,300204,舒泰神,26.85,26.96,26.17,26.25,2326859
20140122,300205,天喻信息,32.46,32.97,31.88,32.41,4645457
20140122,300206,理邦仪器,24.43,24.8,24.21,24.39,1648366
20140122,300207,欣旺达,23.39,23.72,21.52,21.8,5116901
20140122,300208,恒顺电气,6.1,6.13,5.94,6.02,8487533
20140122,300209,天泽信息,16.81,17.07,16.43,16.98,7590583
20140122,300210,森远股份,19.71,19.71,19.33,19.45,623531
20140122,300211,亿通科技,23.36,23.95,22.88,22.9,1286745
20140122,300212,易华录,36.79,37.01,35.26,35.58,3150956
20140122,300213,佳讯飞鸿,21.18,21.97,20.52,20.7,3569896
20140122,300214,日科化学,9.52,9.6,9.4,9.47,3602441
20140122,300215,电科院,25.33,25.69,24.9,25.17,1341132
20140122,300217,东方电热,19.35,19.45,18,18.98,3358544
20140122,300218,安利股份,10.22,10.32,9.85,9.9,2994388
20140122,300219,鸿利光电,12.3,12.59,11.75,12.06,21945204
20140122,300221,银禧科技,6.33,6.39,6.25,6.33,5287558
20140122,300222,科大智能,21.7,22.48,20.61,20.8,7472011
20140122,300223,北京君正,38.05,39.55,36,39.55,8158842
20140122,300224,正海磁材,16.5,16.66,16.29,16.46,2234663
20140122,300225,金力泰,16.69,16.95,16.48,16.8,5418727
20140122,300226,上海钢联,52.66,52.96,48.17,50.1,5316775
20140122,300227,光韵达,17.27,17.45,16.69,17.15,10229593
20140122,300228,富瑞特装,83.8,85.6,82.9,84.5,1212151
20140122,300230,永利带业,9.09,9.16,8.88,9.04,4419790
20140122,300231,银信科技,17.11,17.16,16.76,17,2559710
20140122,300232,洲明科技,24.28,25.1,23.83,24.4,4614652
20140122,300233,金城医药,22.68,22.85,22.32,22.48,2065067
20140122,300234,开尔新材,26.77,26.88,26.09,26.09,292700
20140122,300235,方直科技,20.42,20.95,19.33,19.51,7795863
20140122,300236,上海新阳,37.39,38.36,36.56,37.9,999058
20140122,300237,美晨科技,34.58,34.69,33.5,34.1,1678049
20140122,300238,冠昊生物,38.1,38.35,36.64,36.73,2074464
20140122,300239,东宝生物,12.67,12.88,12.39,12.63,8084002
20140122,300240,飞力达,11.5,11.61,11.14,11.38,5171746
20140122,300242,明家科技,15.35,15.45,15.06,15.25,523366
20140122,300243,瑞丰高材,10.84,10.97,10.64,10.82,3197510
20140122,300244,迪安诊断,60.58,60.9,59.41,59.97,426728
20140122,300245,天玑科技,17.15,17.24,16.3,16.55,10098926
20140122,300246,宝莱特,18.3,18.3,17.87,18.05,1989665
20140122,300247,桑乐金,13.36,13.63,13.06,13.3,10230781
20140122,300248,新开普,15.43,15.55,14.86,14.86,4050784
20140122,300250,初灵信息,24.64,24.64,22.16,22.4,4644204
20140122,300251,光线传媒,45.31,46.09,44,45.3,24556884
20140122,300252,金信诺,17.72,17.74,17.3,17.61,562974
20140122,300253,卫宁软件,86.9,86.9,79.38,79.38,1453557
20140122,300254,仟源制药,15.24,15.3,14.92,15.07,2043326
20140122,300255,常山药业,28.79,28.8,27.22,28.38,1459392
20140122,300256,星星科技,12.93,12.97,12.66,12.66,1427749
20140122,300257,开山股份,40.5,40.55,39.61,39.7,1160893
20140122,300258,精锻科技,13.95,13.98,13.6,13.78,5052601
20140122,300259,新天科技,19.57,19.98,19.03,19.86,2912592
20140122,300260,新莱应材,15.11,15.2,14.9,15.06,1853503
20140122,300261,雅本化学,11.5,11.53,11.31,11.31,1131173
20140122,300262,巴安水务,15.46,15.55,15.1,15.11,5894619
20140122,300263,隆华节能,30.7,30.98,28.66,29,2555444
20140122,300264,佳创视讯,11.35,11.69,11.09,11.25,11064512
20140122,300265,通光线缆,14.38,14.46,13.79,13.9,4043405
20140122,300267,尔康制药,39.99,40.1,38.55,38.6,686779
20140122,300269,联建光电,27.99,33.13,27.75,30.43,11255473
20140122,300270,中威电子,16.23,16.36,15.88,16.06,2482083
20140122,300271,华宇软件,31.28,31.48,29.5,29.5,2561003
20140122,300272,开能环保,13.54,13.82,12.82,13.06,6491357
20140122,300273,和佳股份,28.99,29.95,28.66,28.9,2471517
20140122,300274,阳光电源,36.48,36.49,33.66,33.7,4350194
20140122,300275,梅安森,15.84,16.1,15.29,15.4,5114684
20140122,300276,三丰智能,17.18,17.5,16.28,16.45,16323022
20140122,300277,海联讯,12.19,12.25,11.78,12.15,4892335
20140122,300279,和晶科技,15.98,17.45,15.3,15.63,19012694
20140122,300280,南通锻压,14.87,14.87,13.06,13.24,12910990
20140122,300281,金明精机,12.69,12.78,12.42,12.66,4563556
20140122,300282,汇冠股份,29.05,29.6,27.88,28.4,6837035
20140122,300283,温州宏丰,14.86,15.15,14.16,14.6,5661645
20140122,300284,苏交科,18.7,18.79,18.11,18.11,3383128
20140122,300285,国瓷材料,32.68,32.98,31.8,32.38,1768861
20140122,300286,安科瑞,50.33,50.44,47,48.91,2838528
20140122,300287,飞利信,41,42.1,38.8,39,694509
20140122,300288,朗玛信息,53.8,54.7,51.41,54.2,2225375
20140122,300289,利德曼,32.33,32.55,31.1,31.1,3272108
20140122,300290,荣科科技,16.33,16.88,15.87,16.3,12253811
20140122,300292,吴通通讯,16.09,16.46,15.49,15.65,8662243
20140122,300293,蓝英装备,23.49,24.48,23,23.19,6575236
20140122,300294,博雅生物,50.77,50.95,49.51,50.6,1093349
20140122,300295,三六五网,80.24,80.94,76.03,76.41,1672775
20140122,300296,利亚德,23.25,24.33,22.75,23.26,5411311
20140122,300297,蓝盾股份,18.72,19.7,18.1,18.51,18665999
20140122,300298,三诺生物,63.31,65.25,61.4,63.42,1246296
20140122,300299,富春通信,17.26,17.4,16.69,16.69,4272247
20140122,300300,汉鼎股份,22.95,23.85,22.65,23,4552128
20140122,300301,长方照明,13.56,13.84,13.14,13.66,15256231
20140122,300302,同有科技,33.61,34.7,33.36,33.36,1051640
20140122,300303,聚飞光电,26.99,27.15,25.1,25.9,5460171
20140122,300304,云意电气,35.93,35.99,34.45,35.3,3832446
20140122,300305,裕兴股份,16.4,16.58,16.11,16.55,1614537
20140122,300306,远方光电,23.57,23.79,22.65,22.85,4336324
20140122,300307,慈星股份,13.53,13.73,13.01,13.13,11447714
20140122,300308,中际装备,12.76,12.94,12.16,12.27,4084613
20140122,300309,吉艾科技,18.58,18.82,17.81,17.9,4982680
20140122,300310,宜通世纪,16.28,16.28,14.75,14.79,18435961
20140122,300311,任子行,36.57,37.61,35.52,35.53,7016731
20140122,300313,天山生物,18.7,19,17.74,17.94,1560631
20140122,300314,戴维医疗,23.35,23.44,22.9,23.3,5272038
20140122,300315,掌趣科技,35.75,36.78,34.6,35.49,24688756
20140122,300316,晶盛机电,15.67,15.67,15.11,15.3,1922724
20140122,300317,珈伟股份,13.78,13.86,13.39,13.7,3542460
20140122,300318,博晖创新,15.04,15.14,14.82,14.91,4103158
20140122,300319,麦捷科技,27.45,27.58,27,27.13,1379424
20140122,300320,海达股份,12.67,12.72,12.35,12.55,4495855
20140122,300321,同大股份,35.62,35.86,34.7,35.5,1942466
20140122,300322,硕贝德,30.07,30.2,28.8,30.2,2682510
20140122,300323,华灿光电,18.2,18.67,16.71,17.65,10844725
20140122,300324,旋极信息,30.65,31.16,29.37,29.42,1473542
20140122,300325,德威新材,11.63,11.7,11.36,11.53,3270884
20140122,300326,凯利泰,68.51,69.35,64,64.8,836606
20140122,300327,中颖电子,20.59,21.45,19.88,21.44,18808014
20140122,300328,宜安科技,20.66,20.89,20,20.84,2449866
20140122,300329,海伦钢琴,9.71,9.81,9.53,9.6,4113792
20140122,300330,华虹计通,15.08,15.25,14.73,14.9,4101529
20140122,300331,苏大维格,42.9,43.1,41.31,42.22,1727657
20140122,300332,天壕节能,14.64,14.99,14.2,14.8,15826746
20140122,300333,兆日科技,20.22,20.46,19.73,19.99,5800307
20140122,300334,津膜科技,29.86,29.86,28.9,29.11,2988780
20140122,300335,迪森股份,18.75,18.8,18.45,18.65,922075
20140122,300336,新文化,57.1,58,55.8,57.06,3523296
20140122,300337,银邦股份,21.4,21.54,21,21.29,2142366
20140122,300338,开元仪器,16.77,16.77,16.33,16.33,3430872
20140122,300340,科恒股份,17.09,17.3,16.42,16.89,6877187
20140122,300341,麦迪电气,18.99,19.18,18.61,18.84,3735484
20140122,300342,天银机电,34.08,34.16,33.43,33.7,1642173
20140122,300343,联创节能,71.1,71.18,69.3,69.77,450636
20140122,300344,太空板业,11.51,11.68,11.18,11.59,13908804
20140122,300345,红宇新材,14.61,14.69,14.3,14.4,2051480
20140122,300346,南大光电,39.12,39.49,38.41,39.09,2595615
20140122,300348,长亮科技,33.7,34.49,33,34.4,2603924
20140122,300349,金卡股份,50.38,50.7,49.45,49.86,879352
20140122,300350,华鹏飞,21.59,21.82,21.12,21.45,2674599
20140122,300351,永贵电器,28.13,28.8,27.24,27.24,1350181
20140122,300352,北信源,31.98,33.35,31.62,32.26,2876468
20140122,300353,东土科技,23.63,23.83,22.85,22.99,2109332
20140122,300354,东华测试,18.35,18.38,17.73,17.88,1740358
20140122,300355,蒙草抗旱,25.38,25.47,24.48,24.6,4275234
20140122,300356,光一科技,14.6,14.86,13.83,13.95,9471987
20140122,300357,我武生物,32.07,32.07,32.07,32.07,3479878
20140122,300358,楚天科技,53.92,59.37,52.42,53,12477909
20140122,300359,全通教育,48.74,48.74,40.99,43.2,10057092
20140122,300360,炬华科技,60.83,64.99,59.16,60.5,7884507
20140122,300362,天保重装,19.16,19.16,18,18,13130415
